11011101111001011001110001010100111101010011110010001110101000110011111011011010111111000100010001100000010001000011110100000101
00111011101100101100010010001111110100001001111010001010011111011111111000101000111001000111010011101000111000011101001000010110
10010111110111000100101110011101000100110100100011110111011010010111110111111111111010100011001011011001000111110010100100000000
11100110010111110010010111100001100010000010011000111101010000111111011011000001001111001001110000101111010110111100010010000010
01001100010010100111011101110010110010000001000011100111110001111110011110100110111100011010100111100000110101101110111100111010
11101100001101001101110101111101100110001110001011011101100101000100010011011001101001010000100000010010110010001100110100001111
10001010101010000111011010111010011010010100000011001101100010110001000010011111111001011010010110110001100101100111011001110000
11010000001100010000001010110110111101010111101100100000011010010100100101110110000100001111111001100011000001010100000010110011
11001010010100111100111100110011111001010001100100110011110001000111110111001100011011011001001110111110000100111100110010011011
10111111010010111100000000000010110000011011001000011100101000111011100010010000000000000000111111010011001001111111110010111001
10111110100001011000000100000100010001010001101101110111011010000011000001111010000000010101001001101111010110010000011001110110
10010100011110011000001111010101110100001011100011101010001110100101110110110101001000110111101111101110001111100001010001010000
00101111101010011000000101011110101100111001101110011101011001110101110101010111010010100101101110101100001101111101101110001100
00000000011100001111001011001111111111000000000110110100001101000110111000000100011101110101011101000100111110010111100101001001
01110001101100111011100000000111011111001011000010011001110100010000101100100101111011000001110010001001101011010010110011110011
01101111011111111001111101110111100100000100110101101001110000010010001110110011100011010110100001011100001010101110000001111001
00010000000000000011011100111010100000101001000101111010000001100010001110101111010110110001010100110000001010101011101110110100
10000001110010110110011001000100101010100000010100011011100010100000000101100010111010100111111110000111011111100100111001000100
00000010100110101001110001010101110101110010111111111100011001110001110001101001101100000000000100001111010000100000001010000101
10101010001101100111100101000101110111111001101101100110000001011010011001000101101110111000000101111101100011001110111001101100
11011111000111000110111010100100000010000000010100011100111010010101001010111010101011101110000100011000010011100110100101111101
10010111100100101111000100111011000110010011100000110111011000000001000001011010010111101100011010100011011100100101010110111100
10111100100111101010000111001101010101000101101011001001000001101000111000111101111001110101100011000010100100110110011001111111
01010011010101101010001011010110000101010101110011110110011011110100101011001111100110001001000010100001110110110111110000010110
01011001110011001011000101010110000110100100010001001111010111100101100011001100111111001111101010101011111010000011010000110011
11011010010111011010101010010000110011101000111011011101111011010110000000001000111011110101110100000110110111011111011100111101
10000000101101101100011001001011110110111110101100011000100111101110011000000101000010100011011000111001111000101101001111111100
10111000001100011111101010001111010011111000100110110000100001110101100111110010011000011011001010101100001000110011101101101011
00011000010100111111110110000111000110100001111110001100110001001101110000110001010111000100101111011110101010101110011001001001
01110010100010010010101011000111011011101000100001000101000001001101000111010101010111100110011111110000010100111111101001001010
00101001010001011110101100001100111100100010001011001111101011010011100011011011111101001111000110000100010000101000110101001111
00000001100011100010001111001110110010110110010100011001110010100100011111111101010010001111010011000101011110000100010011010011
00100101011100010111100110001011101000001010100001100000001111010110001110111110110010100110110001001111111000011101100101011101
00101001010010110011111111111001010101001110101110110011111111101000001101010100010110110100010100100110010100000001011100010111
10111100101011000011100101001101010100010011111001101011001110100011010100011001111110101001111101010111010100011010101010010011
10010000100010011010001110100001011110001101010000000010010011100110011100010111111111101000100000000100111100100111100000000111
11100110101111011001100001110010001100100000010010110000111000110110100101001010001111001101110110101110101110110010010001000110
11001010100101000011111001101111010100110010001010010010001000010110000111011001011101100000111011010111001110010101101111101011
11101010100110110010011111111001100101111110111000010110101011101010001010011010001101010111010011000010111101111111010100010000
10000110111011011110110100001110010100111010011110100001011100100000111111000010000110101010001011011000100111011100010001011010
01000110100001011111011000010011111001111010110100001011001111111111001110001011011101001110100000000000010011101111011011000101
01001001111000110000001001010100011001000010000100010110001010010111001001010100000011001101001011011001111011101101110111100001
00101111010010011101101110010011000100001100010011010111111001001000001011011010101001101101110001010101000101111001101011100010
00001000111001000011101110100110010000011101010011010101110101010001010110010100101011100010000011011000101110001110011110000001
01111010001111000000110111101100000100100000000110001001011110111000011001100000101011111000010011100001101100110111100010000101
00011110010010011101010111110001111001110011110111011111111100101100010000101100101010001100011111000101011101101011010101101100
00101010100000111011101111101001111000000001101101111011101010111101101110001000100101111101100110111001100111001011010011001010
10001110101000001100011010000000110000010001110100100110000101011101101000000001000000110100100001010110010011000111011100110100
00111010011000000000001001000111110000000100111000101001100111111101111011011010101111000101110001110111101111011001110101110111
00010001111010001010011000010001010000011011010000111110000111100001001010111111010111110110100110101100001000110111100000111011
10110101111100111101110110100001010001111110111000101010111000111000010001100010101011110111110010111011111010101010101000111010
10011000110100011111101001011010001100010100011101111001010111010000010111111110111111111011010010001100101110000000110110001001
00001011011101110100111101111011111011100101100111100101011110100011110000111100010001110000101100100111000000011000011010111011
00101100010100111011111011010001010000001010001101011010001101100010010101101110000100011101000101110010010011000100010011110101
01111110101110011000100010011000001010111101001110001000100000000000110100111101100000001101101001010000101000000010000011101010
00111101001000111011000110000011010010011110100111111101001110100111111111000011011101011001000010011001011010000110001100111111
10001000111010111111110111010110001010010011010101010010101101101000101010010101110100000101101011101101110000111011110001010111
10100111001011010110101110000110011100000100100001111100000100100011110011011001010110010000010100100100101100110110011101011011
01001111001111100110000010101100101101011111110010001000000100011010110010001011000011101011011110101000110010001100110100001001
11011100000111011011000011101100010010001100011110110000111000000101010101100000111010010000100010111011110010000101101100101100
00011011101010001011111011101011011110011111111100001101001101010011011100010000000000011110001110000010011010001001111001111111
10010111101010011000000111111100101101110110101010011100101011101011011110011011011101010100000110110011111101101111110000010001
10010110110100010000100111011010000101001110110100110010011001101101000010010100001011111100100101001001110001011100010111110010
00101001100100001001010111110111110001011111101100001110111000000001010111111001111101011001110001101010000110000110011001101000
00101011111100101001011001111001010110101000100100011011001111001010000101111000000000000110010111100010010101000101101100110011
11100111100001101100000101101011000100000100101001101000000001011110110110101010100011101001010100010110101110000001101010000000
10111111101010011001010110110100100011111010110010011011000001010100101110100110101111110010111010101000000001001011001110000000
11101001001011011101100110000111011010110010010111111110101100010100011000100111101111010111110110000010011101000101100100100011
01011010111101001110000111010100110000111111001110101000000000111101011100101110010111010101011111010110001011101011010110101100
11111001011110010100010110111101110011000111000100011001010000011001010010101111000110110101000011110100000011111101000001110100
10001001100101100101000000010011111101011110001010001111011110001100011101011110101100011011011100010110111010110011001011111110
01011001101100011110111101011011001011011101100110111010110111011110000000001100011110001111011101000100111111001110101000010011
01010001100010001000000001101101011101101110101001111011010001000011100011101000100100101111111111110000010000011011010000001000
11111111010111001111011001001111000011011000010110001001011101101110101001111100100010010111011111101101010101110100001011000111
01110110100111101001011010011100100110011110010111000011110101001010111011010011110010111100100011001011011011001100111011000101
01111110110101011000100100011101100010000111101110001001000111001001001010001111010010010101001101000111110101001101011100001001
01110000001110000010010001101111011100001011110101001001100111111110111001001101010011011000001100001010011010110100001011010001
00100101110110011000010100101011101101011110000100110011101011011011010110000110000000101000100110100100000100001001110101110001
10011001100101111101011010100010110011100000010110100101000001110000110100000100010000011101110011011001100011010011010000010100
10101110011001010010101000101001000001100000000100110100110110110101100100110001010010100110010011010110111010000001001011000000
11010011100011111000110011011011000010010001100001111000010011000000111000100000001000011101110110101111101100000011001100101100
11010101010100011001011011101100000101100100111100100110111110010110000000000001011010000101101001110001110001100000101101111011
00101001011011101100101111010010100111000010110011110111101000100111010100100000010000011111110001010101100001110011110000010100
01000001010111100001110101111011010110111010000000110110010101011011110100001111000010011010011001010111011101100110000110101110
10000010001001000011101010110001001100011111010111111001101000001001100011100000111111011100001000000001011011010111101010101011
00001110100101011010001000000001101010001111001010101101100001010001000100100011011001100010111110101110000011000111011000100110
10000110000100000001000100000100101010101001110010011010000011011001010101001010101100001000110101001011000111010000101110001100
00011000111001000100011000111111110010000100010101010010101110010001100001100100100111010001011011101011011001101010000011001011
00001001100110000001010110000011111110111100010010111010100110011011011011000001110101100111000101000101011100011110111100100000
11111000100011100000010100001001100001000011011001010110011111011100010111011011011100110001111000000111011011010001011000010100
10100011110001011110000101100101100101001011010110101010110110010011110110001101001101001111100001111000010001010011111101101100
01001100111010000010100001101100100110101011111110011010001101000111110010001110010110011101010111011001110100100011001001001001
10001110010011101111001001011000110011100001011000001011101111101110100000110000101101101110010010000001011001110011010111001111
10110011010000000111000011111001011110101111100001110110010101010100101010011101100101001011100101010111101000101111111111101100
11101011111011110000100010011110010111010100111000001010110100001001110101011010001110111011000110111111100000101101100001000011
00100111111100111011111001011110000001110001010111111101001101100010110100010001110101100001001110110100001111111111010010100011
10000100110011101011000000111111000010111011110001111111100010101111101001011010000010000111010101001011011101111101101100101011
00100111100110010110100010100001001100011100000110111110101111010101001110011101000110010000010100001111110010111100110101110001
00010011000101000010100000100111100000110101111110001100101001111000010111000000011001101111011100111010111101011100011110010001
11000010010011111001000011110010010000011001110110011011101000100010001010101111000001100010111011001100111111011101000011101010
