01110110000100110101111001010000000111101000110101001100001011010011111100000100100100110001011010111111010010010010100111001111
11001110101000101100101101011011110100010101101011100110110101011000011110001111000001101011000110010100000011000101100010010101
01011000100000100000101010101100110111111001011101011100101011001100101011010011010001110011101110100010010110000001010111000000
01101111011010101001000101111000101010110101011001111011010110000000010110101011001111011110101010100101011100000100011001101101
01111000001011101001000110011001010101000001000101010111111000011000101001011100101101010111010011100111000010110100111111101010
01010011011010111001000010011110011101110000000000011111110100011111101100111100101000110100111111011111110000011011110000001001
10111101100100100000011001101011011011100001110101011000101111101010110110010100100101110001111101001111001010111000110010100011
10101000110100111001111110100111010100011101000000001001010110100001110001011010001111101100000100010001010000110100101110110111
01001110110101010111000001000010100000101011110000110111001111011110110100100101110100011010110010000111010000111110000010100101
11011010000001011010011110111001100011110011100001000101111101111010000100011111101011010010010100011101101111110100000011101110
11101011011001011010111000001111011101000010110111101110110111011000111000001000101110110000100110000101111011010111000111001001
11111011001101011000000110100010011001100001101010010000001011101100100010101010000010000010011100111000100000001011110010110000
10110001110110100100111001111001010101011111110000110001000100011100100000000110001111101101101000100110010001011001000100010101
10111010111110111010011101111100100111010100100011100010010000000001011001111010001111010100100000110110100011011001111110011110
01010011000100010011011000011010111010110111100110110110000100111001111111111100001001110000111000100000001001010011010011001111
10101111110011010001111111101100001110101100010110000001111111000000100100110111010011010001101111011110010110110111100000010110
10111001010101100011011101100101110001101010000001000110101110111101110000100000110101011010011101110101000010000111100101011001
01000111000000000000110100110101001001110011101000100111010011001010011011011000110101101000100011000101111111010111101110110001
01011010001001110110100010011011011110000001101100000011001010111000111001111000101011001100001010001010001101101001000011010000
00100111001011010110000000101100100111001101111010101001011100110101110001101010101000011101001100100110110101001011101111110011
10011100100111111110111100111100001010100010000101010110001000010101110100111110011011011010000101111000100010111100101000101011
00000100100000111011011101101001110001000010110110101000111000001110010010011111010101110101110000110110011010111011010110111101
11011010100010010011101101110001100100001001001100111111100000100110001000010010001000100010000111111010010000010001011011000010
00110110001000010111111010110111101101011001010011100110001110110001110101101110100101111100001001110010011100011100011100011111
01010101011010000111011010001110110111100101010000011010101011010111110011101011111001000010010011000111011000111000101101111001
10101100011000010101001101110010001101000111001001110000010110010101000001110110110100110001011011110010001111000011001101001111
01100100011000011000000010011010011010000011110011011100101000100010110011101000000000001100010100101110100000010011010011000110
00010110100111000101010011101100111010100001000010101101101011001011010110100010001111000011110101001111110100110001111010100011
01101000011011110011010000011010100111111000010100011110011001011111111010111101100011110010110011111011010111010101101011110010
01110111010101001010010011001100101100000011100001100111100101000011100101000011111011000011110010101001110010001010010010100001
10100111000010000000011011011001011001110111001011011010101101001111101100000111001001100000111111110101101010111010000100101000
01110011000100001001100001110100010110100100011011110111010110111011010101000111011110111100101001110101010110100011101111011101
11001110010010100001111011100010001110100001000111001100001100100111010000010000000101000001001001100110101100011001000001011001
11111001101011100111010110001001001001101001111000000101110111001001111011010000011011000111010110100100110000011000011110011001
01111011111111100111011110101100100011010100111100111100101101111000100000011101100111001010001101100001111000010000011011010101
10000010101011110010011011101111101000001000110111010010110011101101000111010010011010111011101101001001011010100111001110110011
11010010100010101001111111011100101100011011111111011101101010110111001101011001000000001010110000110000000000111001101100100110
00011100001010001001011110001100010000101101000110111111000110100111111100111001100110010000011101011001000010001110100111010010
01011111100100011001101001010011000000101001111000000110111011101111100111011101101100111010110100101001010110111110000001110101
10100101011111111110010010011111100110110001001001110000101111011010001100010011000110000110011101011010101010110111000011110010
01110111000000100011000101110100010010011101100111100000001101101100110001011010010001010100001110010100010000101110110001010111
01000010000000110011001001010111110001111101111001000010000001000001001101110101100000100000001010110101110101010101100110111011
11011101001011011000110000100010011000110001101101000111100101100101010001010101111110101011111010010100111110111111000011011000
11000100000001100100110010000100101001011111011111001111110001000001100111101000010110000100010111100000110110100011101100111110
01101010001001100100110101000100000000010011001101000001111000000101010001101001000100010110001010001110011011010001111100001000
00001000001101011111010100000111000101000101101011111110011100000000101100001111011111110001011101100001001011000000001110101010
10000111010100001000001101111111111010101000100111000010001111001110000110100001100110001000000101001011010100000101111100001000
01100110110101010010100011100111000001110101011100001101001101101000110000001111101111101100011001111111000100100100010011101001
11011111101001000010110010111111100111011000011010110111001110110100010111010101111111110101000100110101010001010111100010000000
10000110001110111000100001100010100011011111010001100110000001101101111010010101000001000110110110010101101010101010110011111011
00011011001111100000111100100001010011101101100010001111110010100010101101110101110010010110111101010111001001000101101011111001
01101000110011111100001010100111111001100100111110011010100010011001100110010101100111101001101010111011011010010001011111000111
00001110010001000101001000001000001100110110101110101101000101100111010011011100101101111110101110001010010011100100101001100010
01000000010001011011101100011010000110000100101110001110011111111101000100111111010011111000011111101001001000000000001111101011
00101111110010010000010011101111100101100100011101001010111110101100001100000000001110100001001001010001010101111111101100000101
01011101100101010111110110100100001100110000011011111101110111001100110011001111110011010111001011101100111011111110010101100111
01110010000010111011010100100110110000110010011010100010000010000101100001110110010111110000100000101100011100000111001001011011
01111000101011111001001011100101110101011010010110100000001111110111111100100100100111001101011101100101100001110011000100010111
10110111100010000110111011100000001001100110011101000111010110001110000100011010101101111110101101111001001001000111100001000111
00110110001101001111111000010110100110001110000110001100100000000111011000110111110101010100100010011110000000101010111101110110
00010111100101100110010000100111011101101000100110010110111101110010100010110000000000111111111101101101110001110110010011000001
01111011011001110111101101101011111001110010001000010010000100100010001011011000110100010101011010100010000110001000111010111001
10000011110000100001111110100100110110010110110011111001011000100010101111111000111010101001110010100111000010100010111100000001
00001011010001011100101110101010101010011011011100101101001010001000000101101111111110101110110111110010000000110100000001011001
10010011101010001011010101101010001111000001100000010110111111100000101011001000010101111000100100100011010011011001010111111010
00100110111000000100100101110101001111011000011001110100100000110101110000101010110111101001000001101101110011110010010000111101
11011011010011001100011001101110100001111010110000010011001110010010000011100100001100111111001100111001110001100001011110110110
11111110100100110010010010100011001110110111010110001100111101011111000010110010111011101101100010010011111110001010010110101001
01110001000010011001001101111000101001100101100011110100110001010010001000011001001100011111100101110100010010101111100010001001
10011011001001110011101111100001100101110110100010110101100100000100110011100010011001010001110100000010000001001010010000110011
00110111011100101011011010100001010110001001001101011011001100101011100000101110001001101010001100101100011000101000111111000011
01000110011110010101001100110100010110101000011010001000010111001111101111000011100010110011001011101000011100010100011100111110
01011111001000100100111100100011100100100000001010000011100101111010000101000110110001110110100111110001001111111110010101010001
01101001100011100010110011001111000111110110111001101011110111100100010010010111101000101111011110000110001110010111000001010100
10111001010001011001100010111000011011010111111010111011000101000110100001000001100100001011001101110110100101100010010100111100
00101001000000100010110111101111100011101011000100011001000001101001110101100110111011001111110010101110001110011001011110011000
10010011100010000111001011101101000010101010111111000100010011111001111110010010111111010001101101110111011001111110010000100010
11011111101001111101101011001111101100110111011111100011001111101000110110010011001111011101111010011110110000010100010100000100
10011110111110100110001101111001100011010001110011111001111101010011100101011100001100011110100101011100001001100101111001111110
11110011111010111100000010100110101110000001011111010000111010010111111011000001111001100111110111010101011000010001100111111100
01100111011111001101100000010110110011000010111010100000100011011100100100110100011110011100001011111110001101100101011111011010
01101101010111101110000010111100011010011101101110101111010000000011000100000111001010111100101000111011111000110001111101011010
10100001010100000011111101110110101011100101100101100000100000010011001000101010001010011010000001110000111000101100001100101011
00101000111010111011000011001101001000000010111000110011010011110110000111111110000001000011011010000111011010100000101011110011
01100001010010100001001100011110011010011101010110010001011000100000001011111100000000110101100100000111011000101000110111001000
11100010110110010100000101011101111011111000001011100110010011101001111011101011010101010000101110101111111110101001010010101111
10101111010110111101100001100011101101000001010110110000111000000110010100100001010011010110010111010001110100100010110001110101
11000001000010000011110100101011011110011100011111010101101110011010001111110111011001100101111111000011010001010101101111000000
11101101101001111111101111011000101010000100001000001010010000011010111010101010100110000010101101001110101000100101010101011110
00101000110001111101111010100000010110010011110001100100010101110010011100011011110110000110110010010010110111100111110000010111
11000000100011110101101001111011111011101011100101101100001010100100001001001110110000010011011101000110010011100011001011011111
01110100010101000011010011110110101001111011000110111000100100011010001001101011100000011111111100011000101000011110101101011000
11101000100111110010101010110001010011111100110101110101100111010100111110000011001010011110000100101100101010100101110111001010
00000001010101001101100001101011110000001001011000011110100001001110011101111000011000111101010010010001010110010011101011111110
00000100010001100010100010010110101011110011100001110011001010101100110011100100110100100111001111111011011000011010111000010010
10100010011100101011001010011111001001100010010000011010000101001110110111000101101110101010000110010000000111010110000101101000
00011101011011111100100110110111110100011010110011001000001101000110110110000011000100111100001111101010010111000011000101101100
01011010111111100011101100001110011101011101010001011110111111010001010000000110100100101010100000011010010000011110110100001010
11111001110110001111010100001010011110010000010001010011011011010110011010000000100010101011110011011011110000010000011111101011
10001010001111110110101011011000100100010000111111001011010111111000100101001010100011010001000110110101111111110011001110000100
01100101101100010010010011101101010111111011101011001000101101101010100010101110011011001011100010000111011110110011110001011101
01001010110111000111001000001100100101010110111011010111100110011100111101000010000101111100110011110101101111001101101101011010
00100101001010100101000001010101010001100110101110001011010000011111110001010001111101100010011100011001011101010000101000011010
11011110001100010010110000010011101111011001010001101111011010011111000101000000101011100010011001001111100100000100000101010000
00000010101011111000001101111100100101001110101000100111111101100000100001110010110100100011001101110011000011111100100010110111
11110000101101011010011011110001111011100011111011011111000000011000011001110000001111010100001111001000100011111011000111111100
01010111011011111011100111011000111111011100000100110000100011011011001100001011001010111111001111110011010110100111101110001000
10011100011111001111111001111101001000100001001110100001100011110110011111010101010110001111010000010111110001110000011100111100
10110110000100111011011110101111110000001001100000001001111100110011111010101011100011110111110101011101110011010100010110001111
10110101111011111110011111010011010000001111001010010100001101111010000000100001100110110110011001110110011010110001001101110110
00010000011000000101001010011011101101000101000001001011001101001011001110101101100111101011001000110111111001011110100100110110
11001111010101110100111100010011111100010010001000011011011110110001010100101110111110000101101000111010001100001111000111110000
11101001100000011000000001111011110110000111110100011001100011100110000110010010101110011000111100001001000000001000111010010010
10000101100100010110011100001100010110011110111011100010000001101010110110001110000110001100011100000100010101110001110101000000
10011110010010101101010000101001100010101001110010111011101010100101010011101101001011000101001111111111010001000110111101111100
11000111101010000010010010010011101100000111001100011110010000100100111000001010000001000100001001001010101100001001010111001010
00001110111010010111111010101100000001111000001110000100110001100001100101101100010101010101001111101010110010011000011111100001
11001010101011101001001111001101111110010001010010010100001000110001000100100001110101110000001111000100011010111110000011101111
10101101100100110110111000010110011001011110010011110000111101000000101101100111001111001101110100011000111010010010000101010001
00101011111100001001101101000011000111101101000001101110010000100100111010101100101111001101001101110100001001001010010011100010
01000001011111110010101000001000111110001011110111101100010100101000010110111101000000100101101001010111101100010100100101101000
10100000110000001011011111010101011001101010000001001001001111111110011010001001111011011010011001110011000111000010001011111010
11101101010101001101010010001111001011001100001101010001100010011010001111000000111011101010010110100111110101110000010101110010
00011100001110100101110010101000100000010110001000110101011001100111100100000000100010101010110111101111110100010001100110010100
10011010111110010010010110100011001110101111011110101001001100110001001101011010010101111110110101100001000011001100101001000110
11001110110101011110111011100101010110110011111111100001010010101011100100100111101010101101110010011011010101100101000010011001
01100010011111101110011001010111111101010000110101101111010111000100010010001011101011000011011010101011100010010000101110011000
11111000010111001001001110010001001100101011001111111110000001011010110111101110100110010001111000101010001101000110001110100100
01010001011110111001001111010101110110100011010110110000011111001110011001010110101011001001011001100010010010000111000000111101
00010010110110010001101100011101110110101011010110110110100010111110110011100010111101110010001100110100011101100100110110001110
01111000001101000101001001101100011001010001100100010011111101111100001111011111010100010011101111111001111011001010100010011100
00000011001000000100010000111100100011101100001000001101101011001011110010000001000100001011011011100101100100101100011000001111
10000100000000011110010000110001110001111010111001001011000100000010101100111111100111111110001000101110101011011010010101001001
01000000101101000100111100101001111110001011001001111110110000011000111110011101001111101101010111000111101101101111000101101110
11011111000110110001010001101010001010100000001101100111101001010000101100110010001011101001101010100111110101101001000101100100
00001100101010100001000100001110100011001011010100100011100011001001100010111010111000101000001111111000110101011010110100100010
00010001011110010100101111101101011010110000010111110010111100011011000110001101000100001011000101101101101100110101100000100011
10110001101101000111101110101110010010110010110101100000100000100110010001001100000101010011111100001101001001101111010101001000
10010001001001111110010101101110001111010001101000010111000100100001000000011111001111001100000010001110010000110111101001101010
01001110000100011001111011011010010010101011000001011110001101010000000101000001011100000001111110100001110100100110001010011000
00100000111011010000011010001010011101011000110010111000011001001100000010001010111111001100101101100010111101111110011001100001
01101000110101010000110110101111011111111010111111110011011001010000000010010011011011011001011100011000011110110101111110000100
01110010010101110010001111000110011100110000100001000110100100111111010000000010110101011000001110110011010110010100000010000011
11101001111010101100010110001111111010011000000111101000011011100000011110111111001110111100101000101000001111111001101110011111
01100000110011010110010100100001011100011000011100011110111111101100101000101010101000001011000100011010111111011011110111110111
11000011111001111110010110001011001111101000000001001100010110111000100000010100000011000000101011110000100010110101100010011101
11011101111000100001001000000110011010101110110101011011100111110100000101100011111111010010001000010110110110111001111000000011
00011000011010111100011100001110000001111000010100010100010100011000000011101010111000001000111100110100011101001110001010010111
01011001110001010010101011010111011101010100010010110111100010011000111000101111010011110000010110010110111010010011011001100011
01110101011000001100110001001100001111011100110110101011100011011001110101001011010110110111001011010101001100001000111100110100
10111000110100001000010100110010100100000001101000110111111100000011001101100000010111001101000010010110001110011001111011111001
10101010110111100010110011001010011100111010000000011000100010010101000101111011011000010100011001100001000011100010001010000011
11111001110101000010010000110000101101111010101101101001111000010001001111010010010010000111101010001101001100101011110000110110
00110001000010101001101101101111101011110011111101010010010011110111100000011010001011010010100000111111000111100000100100100011
11111100000011011011110011011001001001110110110000100010101000000100001101000110010010011000100101011101101111100001000110100100
01000101011111010001000101001011010011010111010110011100011101111011011101001000101000101011011111101011000001101000010011100100
11101110011010011011101110000011110111010001100011000101010011001000011011111000100001011101000011110000111001101000111011100010
11100110101101101111100010111100011011111110001011001110010011000011110101010101101111101011011100000010101100111100000000001010
00100100010100101000011110111000011100100011110001011111110011000110111001000111000011111101011010101111101110101110001100110011
01010000010100100010111101010000100111100001010100011011110010000011111010111100011100111010000100110001110101111001111001110100
11111110101010010111011001101001111110101001101000011101011100010000010010010001010100111101001011001100010011010100001111001010
11001101111101000100010111000100001011000001101011110000010111111100010011011100111011100011101000111011001100101100011111110001
01100000000101000111001100010000001100111100101010100111011001111100110001001010001011101101110111110001110111011010110010011000
01110011100000001110011011001010100000101001010110110010001111110111011010101001010111101000100100000110000101001111010101010101
10110001010101100101110110101101001110011100111110101110111110011101101100000001101101100000100010010010101110001101011001011001
10110101011111111010111010001010000111010001001011001000101100101001010000100100000001011011101111001101100110000100011101011110
10111000100110110001011111000101111101000111111000000111001010011100100011011111001110100111001100111001011111111000101100001111
00111110110000000000111001010010001010110111110011010101011110111100111100011100010011111011101100001100101111010011000110000001
10000000000110101100101001100110010100101100100010101000100001000110010101011111101110111010001111010010111010111110100011101101
00110000011000010110011111010001101111010111110011001000101100010010101010101011011001101110111011011101101110111000000101011010
00011010111110000000011001101010111110101110101000101001010011011001011110100110011001010000010011011010001100000111000011011101
10010011011111010101100101011010010001000100101011000000011110100011110111001101001111001101010110100011100101010000010011010001
11000001000100100000001001111100000011000100110110011101010001100111001011000110001000110011100111100010101110110111011000011100
11101101111110000000011000101011000101001101011011010101110100111010111011100010000001110110010111100000001101010000001110100000
00011111100101001101100101110101111001111001011101010011001110100000010000111010011111101010110011111011100111100000000100100001
00011011110110011010100010000101000010010110000111101010100110011011101001110100100111010100110100111111111101111001000001010111
01000011001101110011100011000100011011001110100010011111110010111001110110101010001001011100011101110011011011000000111001100000
01001111011110101011010011111000010001111100101100001111000011111010010100011010100100011001000101010001011110011010100001000000
10111101110111011010100111011000110111000101000111100001011011111110001000111001110111111100100000100011100101011011000110010101
01100101000000011100111110011001110110110010111001100111011101100011110111111111011111010011000100001110101111110000010001010101
01110000000000011111101001010011101001000000011100001101010110110011100101001010001101001101011010011000000011110110111111000111
00101111101110101011100001000101111111111100001010100110000001101010011111101011101111110000111111011111001100011010110011011101
01110110011100100110110010001101000111001011001011111011101111000010100101000110010100001100101101100011000000110111011010110011
10110101010001011011010111111011000010001101101101101111011100010000000100111111010010011100001100110010111000010001111000010110
01010000011111010001000011000111011100100101100001110000110111100010011111100111000011000110100110000001110110111010101101111101
11111110000000101000000000011110010011110100010010001111110010111101000111010000010001011100011001101000110100011011111011001111
01111111000010110111001010111001100100011100001110101011111111010101000011011001011010101100100000111110001100011101100100101110
01000111110101100100101000000111011011001001100010000001000001001111110110010110111011110011101011000000010111100011001111011011
00100111101110101001001111000100011100001011110110011110001011000110001001110011010101100001110100010101100001011010010100010001
11000100010011001010101000110110101011110001010001100010110000111000100000010001001010111001101101110111001111111110011000000010
11110110100011100001000000110100011100001010101001011100010110011000011100101101100001111100110101110100010001010001011011001101
01111110010001000001010101101111111111001010010101110010001001011011101000001101000110100110011101000001010100011111000011100100
11100111101000011110100011000011011001010001000011111011001110000101000001101000010001001110010110111011000110000100010000110000
01111101011111010110001010001111111011010001101111011110110010101011010010100110110100101001101100001110000101001000100001010010
00011011000010101010100110110111011111010100011111010111010101101111100101111010100100100100101110010100110010001001001101101010
01110110000100100101000100100001001001000101000001101001010101010000100110111010100111010111111101111010010100100001100010001010
00101001001010011001110100111010001110011010100010010110101100111001110100111000101101011110110001000011000001011011011110011011
10001010100011011101011000110100010111010100100010101010011010101111010101000000010001100100010001101110101110001110001010111010
00111110000001100111011011001101011101001111110001101111010101001111011000111111010011001111000100010101101101110010100110111100
00000000111111111000011111001110011001110001100101000000011001111100001100000101011110000001000001010111000011001011111011111011
10000001101010111110100110110111110111010001101101111101011010111001011101011110000101101111000101100011010110100110000001000110
01101101111110001011011010001111001010000001011111110000101101000000110111100111001101010011111011101110001001100110110101101010
00100111101011000100011001010100000111110101000101011111010000010110101111010101110010010100111000111101110011001011000001101110
01010101011111011100100100110110011101011111011011100101100001100101010011111010110000110001100001110001100101110011111111100100
10011111001011100011011100110111110011001000111110100010100101101110011011000001000101001011001011101011100011000100110000100111
10001001000101110000100100010001110110100001011101100100010101010100011000001100000000101000101110110101000110000110000101101111
01000111110010101000011000011101110111000011101001011000000100001011101001110010100010100001000001101100110011101100000100111111
10000000001100000110110100100010100011100111011010010000001111111011101100001101001100111110111010001011001011011110010001000000
10101011011000100010111111111111010010001000011001110010000111011101111111010101100110110010000110101011001111011110101101100111
11110010010111111100111100111011011111111000001110010001101000011100011011111111010011111111111111100101010110110011110111011011
11010000000111010001100011001001000100100110010110011000101111101000010111110010110101101000011000111011111110100001010001110001
11101010011011111101010010001010110111010101110100001010001010110000011100011000000100011000101101100100100000001100010111100100
01010110100001111010011010000110010010110000001110111111000010101101110000111011110100100111110110011111110100110100111001100011
11011110000001111111010110011001000011011111011011000111111001001011000000011001111001010010010000010110101011010001110101001101
10111101011111010111000001001101010110111111010001001101010111010100011100010001100011111010000001000100000000101010111101101011
11101010001010101011011001000111001010111100111010000100011100000001101011010001000101001011001000010001011100111001001100111111
10001001101110011110011001100001111101100011000101111100100010101010101000011001000110110000000111110101011100101111010110001010
11100101010110011100011111010011001101110001001110011101011000011010011000001010100110101011101001111111111110011111100101111111
00110010101000000111100010000000111011010110100100110010010100001111100010000001100001101100110111000001111011111110110011110000
01110111001100000001110110001101110100010000010011111010100011100011011000111010001111001001011111011011010111111110110001001111
00101111111010010101011111000001100001100000101111100111110101100000010000010000100010111111010011110000101010000100100000110101
00000011101011111110001011111101100010001010010110001110100001000111011000110100010101011110001100100100001000000110101001101100
00000001101011100101110101111100111010110010101100000100000000110101111100001101000010011000100010100101001010101110100100100110
01111101010100101011001110010011000111100110100101100101010010010110001001001001000000110111111110100001011101111000110011010101
11011010011101010000100101100100100111110110101011111101010101100101101101011110100111110001101010110001010111110010100100010000
11111111000000101110001000101101110011101000110001111110110011010000111100111000110110100111101000111110101001100000001110101010
11111000100101110100010000111011001001000111011001110001101010001000101101110001000110011101001100011111000010001011000110000010
01100101001110111101001000001101111001011101001100100100111101110001011110110011000101110101010010000000110010001001000111010010
11101010001101110100110010111010001010001000111110110101000000101100110011110010010101100001001111101111101011011101000110111010
10000001001111110001010010111000111111111010000011001011001110100001100010000101111110001111011010001000100010011011111000110000
00111001100111110101000100110111011110001100000110110100000101101110011101101010111111011010101110111001000010101000110010100010
11001011000011001001100100101001110010110110101000100110110001000101111110100011000101111010010110110110000110110100010001001111
10001100010100101110100100101011100001111010011011000101011000000010000100001010000101000110101001011111110100011100101111101101
11001010101100111000100100110111011001010001011100101111011111001000111111011000001101100101110101111011001010110011001001101010
11011100100000010001001100001001001100111000010100100110001001010111011011100000110010101101111110100010000011110001110100100100
10100100001110111110000100100110110110011000001010001100010000110111100010001101110111010101000100001100001011110101010101110011
01111011001011001011010001101011010111000111110101111110111110011001001011010110100011111100111010110011100011011101100101110101
10110010000110100001101011010010000010001001100000101101101001100111010100101110001001000100001110101101011110101010000101010100
00000101100100111100111000011011011001111011010100011111111000101100111001011110101111000110100101000111011011101101111100000111
01110100111100010010110011111000100010110100011001011100010111001010001111110001100000000001011101010111110100110100001001000110
00111000001100110101110011101010010011010100010000000101001001110001100010101001110000001011011010011011000011001101100010110100
01011110011010001101011010100110001111100000100100001010100000011010010010001111000110001101101011110101000100100110011110100101
10110011001001001001111010000110111101101101001111011000110001100010110101000110100110001110001100000011101110111001000010101110
00101110110100011101101001100011011010011100111000010000000000011101111111010100111001100101110010111010100100001100010010000110
00001110010100100001001101011100011011110001111110101001010111100110011100000101110011011011001010011101111100010010111101101100
01010100000101011101101000100110001101011101110110111011111001011011011011110100100000001110101110011011111001110000110101100000
01110110010110110110110101101000001101101110100110101101111100010110001101000101100001011101111101010001110100110100100100111010
00100000110100100110100000110100001101010010011111000010001111001110011100011011011101011011101010000101100111111010011001101111
01011001111111000110110110111110100110111011111100001001000100100100111011010101011110110010001011101110001010010011010101001010
01110011010100011000010100010000011000010110000110011111000010100011110110111111100000010000011000001110111010010011100111101110
00111001100011001111001011101000001000110111010000000110011001110101011010101100011101010110100011001111001101100111110110011001
11101000001111001110000100101010001001110000001010000100001100100110111001101100111111101100001011010100011111001100010010011110
10111100011101011011001100110000000101101010100001010111010111101001111111111010110000011011111101110011010010000010000101000100
11011001010000110001011101110100000011001110000111101110000111010011111101110100100011110001010100011100000011001010000110001100
10100110001010111110001101010110111111101001101101101111001010011111101010001010100011011111000010111010111011000001101000001100
10010101100011100110110100001100010010011000111000111110001111010100011010001100000111011101010100011001010101111010100100000001
01100111000110101101000011100011000101011111010110000111110100100101011001001010000010000100011110111100000010101111001100000001
00010010110101010100011000000011100010101100011111000100010111011100101101001010010010001111110100111100000011001111110001010101
01111010001111001100101001001110100101010110100110011111111100000110010001001010001111110100110000001100110111100110001001001011
10100011111111001101101011100011001001001010011111111011110101110100111100111111010100010101000101000100011000100001101110101010
11000100111100101001000010000111010011011110000010100010011101010010101000010001101001000110110111101001010110011010010000011110
11011111111100100011011010101010100000000010010000100001101000000101011111110010000100001010101100110110110010001011111111111100
01110111100110001111001010001101101010001001000100101000101000100000010000001011100000111000100010100000001011110001110111001010
11011000001110000001110101110111110000100110001101011001000001011010100110101100011111110111000110100101101001000011100101000010
00101010011001100001110101001010110110011001001001000101010011101011011111101000010001111100111100110101011100101011010001100000
00001100101110010100001101100001010111110010011010010001101000001000111101111000000100010110000100101111110010000001000000011101
10111001011000101000101011000010000000101001000011001101010001110000000010111101100001011010011101100000111011101110001100011110
01100101101001000110011011010000111101010110110010001100010000000100111001001110101110111101110100101110100110110010101110110110
11100110100001011101101011100011111100101100110101110001111010100011000100101101101000010001111110010010110010000100010100100101
11100010111100110001011011010101110000110111110111101101001100001111010100011001101001101100011000100001101111100100001000000100
00011100010110011010100010111110001010100101110110001100101010001010110110110101001101110000010011000101111001000101001001100000
00000011000111000010110110110010111101011111110101110010100010010111011011101111110000101000110111000110100100110000011111110011
11010101000101101011001110011100111100100101010101011001001100110101111010001101010010000001001010111110110001100111100111110100
11110001000101100000001110111011110011011111101101001101001110101011011111011110100001111101100000111001000100100111000110000100
10000011001011001010000000110001101111001111010101010001110001110111010001011001110010101001101111010011000101111111100010000001
01110001010100000110001001101111110010101010100001101000011000000100101010000100001000111100001001011111010110011010010100011100
10001110101111100100000100111010111100000110110010000001100111011111010110011100111111110111000101110000111110001111000001111101
10111000101111111110110001111011010110111001110010110001010110111000010001001000111110001101101011101110011110101100010010100001
01100011111000100110111110010101111100101110111111100001101101010011001010100101010010101011001000011101111111100001011001010000
01100001101111100010000000110010100101010001111111000110011100100010011011000011100110000010101111001100111100100001001101111111
10000111011010100011010000100000011010110100010101101011110100000111011001000100110000010100111011000100010101101000110110101000
00000000011111110100101011100011111101100001111001110001110100100001110110010100101110001101100011000011010011001010111000100001
10001101001111100001000001111100000000111111010111110110110100100000111011010001110001100000001111101000001010011111000011100110
01010101001011111111011100001110001100100101011011011010101101110100011011000110111111011000100101010010111010000100000111110100
11111011011001001010000001011100111100001111000110100000110011001000100100001110111100011011100001000001000001111001101100001011
11000100111100111010101101001010101011000110011000110111100011101101000100001011011101111101000111000100010101010100110111000100
00101100100101001010000100101110000101111000010011011000101100001101010001101011101100101101010101110101001011100010100011000111
11101010101110111101111000000000001100011011101111100101000110011110101101111011101011000111100001010001001111110101001100111100
10101101010000100111000111100000111010111101001101011110000110111111101101111100010101000111101101111010010110110010110110100001
11111010000110001011001111001101101000100001010000100101011011101101100111110001001000001011110001010100101101010100111011110100
00111101110001001011101011101100001000100011101001000010111111100111011000001000000011101010110101011101110111100100100000110110
11100010000100001000001101110011010010110111111111100110011010111111110000110000001101101101001001010111000101110010011111110100
00000010101100101001011000101110110010110011110111010000100100111010100111001000000100100101101101110001010101101100111111001101
00010100011000110000000001000111100101000011010110111111100110100010011101101001110111011010111110000110001001110100011111011111
00011111101011010101111011101011100011101001101110110100001111011101001100010111101011100100010100100100000110010011011000011011
01011001011001100000011110010000110011000001001100001010010011110001101110110100110000011100001110011101000100011111110100100110
00101111001010100100001010011001110111010001100101000100101011000111010010011110100000110110000111110100100100011100100000100110
01000010100110111000001000101100011001001010101100011010001000001100111011010001111000100101000110110000011100100110001010010010
10101000111100101010011000100100101110111001101100100010110111101011111001110011111011001010100111101000100101110010100011110010
01000100011010011111110111101001001011101111011001000010011000100101111111010110111100101000111011111001011100110100010000100101
01011000001110011110001101001100000100010111000110110011100000010010101011010011101010101111011111010111101010011000000001011010
10110101100011100011111011011101100000111011110000011111111100100111010001010010010000000001110000010101001001111011101011010100
00011001111010101101101111111010010111110010011001000110101101110111000001110101111101111101000001111100110100111101001010110111
10101101001001110010111011000010101110110111111011101101100011001001101010001010000111010000101001010101000011011110111111011011
11001001100101111100010010100011100011011111111001101011101011101101000001110100001011010110001000001001100000100010000101101101
01001101001101100101011111010101111000000111001000010100111010011100100110000110000101101011111010111010011100010110010101111100
00101011101111011110010100010101001000111110111001000010101001111010110000010011000111011001001111010010000100011000110110000111
01111110000111011010100101000000010111011110000001101001110101011101100001000011000001011101011011011001110010010010110101100011
11001101100100001110001110010000001101111111001111010101001100110111000101000101001011111000011011111000100101000110110000011011
10111101110111001000110110101101011100111001101010011010111010111100110000111101000001001111111100010100011110111011100100000000
00110000010100010110011111100101100011101111100111000101010101011001101101101110001000011100110110100101101110000111000010000110
00001011011011000110011111101001011001000101100001110001001011110100110000010000011000001110000011110101011010001010100101010011
10111001111011000111101011011010111001000000010100101110001100000101111001000110011100100100011001110010100000001011110100101100
10100001001100110011101100011101000000100001110001100111000100000000101101010000111000000001100110110100000100110100001110100001
00010011001010010010010101110100101011111011001000010110000110100111110100001111010000010010111100000011010010001000100101100001
00011111101010110001010011110010101001110101100011110101000101001101100110111001000100000101100101000001010110100001100011101110
01000010000011000000101100111000111000111101001110100100010001111111010111000010100001001001000101101100100000001011101000001100
01011100111000110000000101010001001000001000001111001100010011000011010001111100111100001111000110111010010111110100010011001111
11010011100010100111001000010000100110100101001101001100111001010000010110111011100011110011110110010001011110000011000101011111
10001010111000100101011111001100111000010011101101010010000011101111001100010011100101101111100000010000010101101001111110101110
00010000101111110111011010000011110010111101010010001101101101111100110111111010011101010101001111000101100001111000111001011001
11011111011100000001011110000000111100111011010001011011001001101101011000011100111101100111000000100011111001011010010111110010
01000000111110001100010110011110000001101100111100001100101011001010011100001101111111100111010110100111000111011001111010100100
00000000111101101100011011011111000111101111011010110001001101111001101000000011110100010100010101100100010000010000011110000011
00000011001001001111011101001011110001101110111001111100110111011101111111100101010101010110101001001101001101110001010001011100
10001001100010110000101101000110101011001100100010010000111000000010111110000110110111100011111100011100011010010110110110110100
01010011001000010010100111011010110100011010000111110110111010001001100101101001101100010001010101101011011110100111101000000011
01110101010000010011011000110100101011000010101100011110101100110001110100111011010110011100101001000110101100111011000100010010
00110111001111111101101101100110101011011010100111000110111110101101001011000000100001010011111000111100111100101101001011001111
11011110100110110100000110000010100111011110000001000001011101110110111010011101011000010011100111100101010101001001011110111111
10100100111011000111010111111011111111111000011001111000111111000110110111110001010100011010010001011100111001011001101000001111
10001000100100111100101111000000110101011011011110100001111001000110111101111011100010110100110111011010110111101110101110100001
11011111000010011101100011000001000000001010011010110100110011101001110000001100100011110001000000100111010110010010110101100100
01000101100111011100000011101001001101001111111110100111001001000001100110011111111011001001000000010110111111110110100010001011
01001100101101011001101110001010100011111001110110110001011000110010101000001000110000010001100001101000011110110111011001000101
11110111100001111010001010011101101010110100001110111000011100010100011100110010011110010001011110000010111010010010111010101100
00111110110100101000101101001100100101010101010010011000011111110011001010001100110101111001011011001001011111100111110011001111
10101000111000001010001000010101011100011100110111111000000100010100100011001000111101000000000010010100000000011101111001010001
11001000110110001001111000110111111100101110001010001000001110000100101011111011101011110101111110000001101000101010000101011011
00001110010011100001010001110100001011011111110010011011111001110100010011111001111010001010110000000011100101000110011001010111
11100111000001100010010110100111110100011110011111111010110110010100010100001110100101110101100010000011010010011100000110100110
01011111100001010010010110001001001001101000000110010110101011101001110100011010011010000000100011001000011000111011011111000000
10101111101100100101000011111011001011101110101011110110010100001011101001001101110100001011001100110101110101011011010001110011
01110010100111100000100100011110001010111110001100110011100001010010001100101100010000110011110110101111100001101000101011010011
00111011000001001001111110010011110000100100111000101110111001011000110010010101000111010000100000110000111011111010000111000101
00111010110100011000001111110110100111111100110100001011000010001100011000001001000100100001000100001110000100001101100101101000
10010010000101111001011010001111101000111110101111001100101001011101010101001001100001101111101111100001001011100000011000010000
00001011010111010110010001010111100101000101100001101100001000101011011110001001100011110101110010010010000111100110001010011000
11011010111010000001100100100111100110111101000110010010101001000111101001000101111110111010110101000101010100011100100011100101
00010000111110011001101010101001110100110100110110101010010101100110010111011100001011001101011100110011000000111010111111111100
00000110011011010111011011101010000000000100111010000000011101011111100000101100111101111111100101010110111011111101001100100111
11111010110001111011101101011101010010001011010110111100001010100011001011010101000011000000001000000101111011111000011001100111
11010011101100111000101001111000011110111010001111000101001011100010010001110100011101000100010101010011011110010001010010000001
00001001111010110000110100100111010000111000100111010111000011100111011011010101111100100110100101101011100111111111011110100110
10110010010000001000101011101000010100000110001110000100110000110100110110111010111010000001011100011001110111110111101110011010
01111110001110011100011000100110100110100010100001010101000110000100100001001111101101111000000100000011101000010111011000010010
00101010111000010111100011110110010000100001010010111010101111110010100110100011100110001001100011011101010011011011011110110101
01101100111101001000011000010100101100110110010110110110011101001111011101101001001011101010010111100100100010100110101111100111
10010010011100010111001000111110001101001100101101100111110111000100101100001000111010100011111100001010010111011100011101010110
10100111101110010000111111001111011101101110100110100000010101111011000101011101000110100100000011001011101100010111010000001011
00000100011010000110001010111011110100100001100100100010000001010101101001011011011011010001100000010011110000001000101001011111
00010000111010010011100001101111100110010110111100010001011110000011000101111101111100100101100010001010101100001100011010000001
11001100000110011101001000000001110000001100010010010100011010100110011101101100010100001101000011100011011100011110000101100101
00111100010110100101100101111000101001001110000010111010111111110111010100100010111001110110001010000101011001110100010100110011
10000000011110011010100011101101001100010001010011111111001011110011010100100011100101101101010101000000110101101100110011011111
00011011000101101010001001000101011101101010010010110000100011100101011011110001000001101111100111001001001010110000000011111111
01101101001011010010010101010001000000100000010011010101010100110010110010001010010110100001101010011111010110100110100000101001
10001011110001001001000000011111101000111110100100110000011111100001010001011110001000101110111000101001101110111011100001100000
10111000000101001011111010100000111011000100011111000110001101101100110010101010000111011100001000010001011110100000101111011011
10000101100100110011001000110101001100100011010101100110011010101111101011010011011110000110010001001110010011010001110010110010
01101100100001111100010110100100101111100100110011001011011111110110100110110000100100000101110110100101000101001101101101101000
00001101111011100011010110010111001101111010110001001010000110111001010011001010010000011101111001000101000011111110111111010111
01110101011000100110011000010111010111011101011010111011001000011001110001011010110000000011100100111010011011011001001011000011
01001011010111101101101110010101011101111011100010101010110101111111110110110000100111011011100001101101110110011101010001110110
10001110001001001001000101111000100001101111101101011011110010101110010101010010111111010100110011001110101000010110000110110110
10110110001010100000010111010000100100110100000011000001111111100001110010100010100111101000000000111110110110111111110100011101
10010111111001010011101000001100011111101110011001010010100110001000100101101100110111010111110011001011100011101111010001110001
10111100110111000111100111100100000000111000110101000101100111010010101000010001001011011101111110110100011100101111010011110011
10010010111110010111011011100001001011000111010001010001110100101101011010101110011000001000101000111100111111111101010011101010
10011101001001000101000001100000010101110011010001011000110101101011101110101111101111101110010001001110100011101001000101000000
01011010101110000100100011100001101110010101001011111001111100111001001011100111110100000011000100110111010110110001111100110100
11011110101100111101011001000010000001011010100110110101000101000011100100011110001011010010010110110010101000101001000110011101
11110101001001000101100011110000100001101111010101000011001100100110001010100111101100010101011100010000010110100111001001111001
00100011101010111111111111011111111010110001001001001111000000000110000101011111001101011010001111110101011101000011011011001001
01100100101110000110110001011001011000011001101010011110111100110000010000010100010011011000111101000101100000011100100011010011
00011111001001110110101000001011111110110011010000001011001111100001101001001111101110111110001001111101001101011001001001111100
01110111000101100010011011110101100111111111010111001100011111101010000101010001111101000001111110011000011011111111001011100011
00010001001100100011010111111100010100001011111000010000110111001001000010011000110001110000110110101001010111011000111111100001
11100000001101011010001011100001101100100101100010010011110000000101111100001011000010010000011100111110001001100001000000101000
11101000101110011000000000111110101001000101110000101101001110001000010011110011010011110000101010010001000101011000010000001011
00101000000100110010101101010110001111011000101111000100011000010100101101100011001010111010101010101011011011111010101001011011
11010100010101111100011001110001001101010110111000111111011100000111101101110111110100100100101011000011001001110110100111000000
11011110111000001111001001110001010100101100110010100101001101001100011001010010011100101001101000000000101100001011111010110100
11001101000110010100111100101100001011001011101001011111001101011100001010101110110001001010100100010010110001001110010000101010
01011100111110000101101100010110010101100101000110011101111000111100100111000010001101111111101110110100101110000011010100011110
00101111010100001001000101000001111111111100111101100111111001010101001000111100101111101111101111111001110001001010101110100101
01110111111101001110010101010111101001011110010011001010100000011011100111010110000101111010001101010101011101110001100000101011
00110000101011000100100000011011111010110110010000000101111000010101001011001000110101011100001011000100011010101011101000111101
10010011011000010110111100000011010010100111010000001010000111010010001001011100111101010111110101100000011111100000010100010100
11111111010100011110011101100011010100100100100000110101011100011000100011101101110100010011011101001000100010010010111111001101
00011001111011100011000000110001110001101010100111100110111011111111100000101111100110101111010111010010101101100101010011110010
01111001101100101001110110110011101101110011110001000001001011001110101001101001101101010001010100000100010100110011011011001101
11001110100010010101111100000000101001010000000110110011001001010111111010001101000000010101010100110100111100111100010010010010
01001110011001100001101101101011010101000100010110001110011111101011001011010000111011011010111101001100101111100010101001010111
10001101000101111010000100001100010010001000001101110111001111001100100010101101000111100100011100111111001110010101000011011100
11011000001000110111000000001111010100101001101100001110000100011001110110000010000011001010101100000010011001110001100110000110
11001100100001100101110110001110010011011100010111111010000110100100100110000001101011011101001010011011101010111010000101011010
01011101011100001010101100111100100111001010010100010110110110000111101111010001100010010001111101110101110100000000111001111110
10011000101001100001010110000000111111110001011101111000101001001011011001011000001000100110010111100101011010001110001111101111
01110110110111101101011101010010011110110110100010010111011111100001100100011110000111101111011011111000111110111010110101010111
01010001011001100011011001100001011000101000010001110100011101000101001111011001110110100110110110110111101101100010000001001110
11000001010001110100001001100100000001000110101111111000010010001101100010100010110111001000101001101110111101010101010010000101
10110100111110011010111101010010000101111001000001011011100111000000110110111101111111101110011101010100101100101111001011100101
00011110101100010110100110010001010001100011000101101001000010001001000011010111100110101110111100110100111001011111111000000010
10111000110100111001111010100010100000111111100011000010111010101111000110111100110010010100010100000111111100101001000100010000
11001010110001101101011111001101001010010011011101000001100011101000011110101011111000010000110101111101100101100011011010000001
00011111011000110010100101110100111101011011110000010100100010111011101000101000011010001100010011010100111011000110101100001000
10011010000100010000001100000100101010001110000100111111111000101011011001110001000010100001111110000110110011000000110011110001
10000011000100111001111011000011000111001010110001000000101100011011110110001111100101110001110110000000000011001111011111010011
01000110010110010010111101010101010010100101000101110100101111111001101111001111001111101001001110011101000100010101001110111000
11101011000001011101100001110000011011010001101010011001001000100101110100010011010111010000001011010110000100010100101000111010
00110110111011010001010101001100111110111000000001111111011101101001101100101011001101110100100000000001100011110110101000110101
00001101000100000001101110101011010011100011010101110000010011100110111011011101101101111010111111100000100000110000001111011111
01010011010011111101101101010111110010100011110010001101100111001110111010110110010001100111001010001110011001110000000100101001
10010100100001010010011011001101010111110111001000111010000011010011010011111011000011010100000111011010000100101010001111100001
01000111110011000101111100000100111000010111010110010011100110110110000001000001001011111100111001101110010110101101001100100101
00010100100001011010100001001101000010010010011110000010110101111111100100110001011011001001010001101100110111100111110000011000
10010111100101000110111110101001100101110101010001111011011011011011111000110101100010101101111000111010110011100111000011000101
00101100001101101000111011100010100001000110111000100001110001010001000011110010011011010010100100011000111011111010101000001010
10000001010100010011000000101111100001100001111010100110010110100011110100001001111011011001111001000100011111001101011011011010
11110011101010000000100000100101011110011001000111011000110110100001000111110100101110000010100100011010110111111110101000001111
11101100111010011011001111000100101011010000100000110011110101001000011110110110100110111000000100000001000110010000110110100100
10110100010111010000101111001101001011001000111100010001010110111001001101111001000011010110000000011110001000111111000001100111
10010111011000101100001010111001110111001111100110011001101101101110001010111011101100011000101010011000011101010011100011000111
11111110001001110001001110000110101110000101010001011010110001000000001101111000001001011000011001000011010011100001000101101100
00111000100111000011100101011000101001011001010001110101101110001111100010010101000000011010010110101101001011000001000111010000
11010010111101101001010001111111110111100001100001000111000001000111100000110110011100010110101000101110001010011101100011101000
01110101010110111101110001010111011001110010000010010011011111110000111001110100000001011110001101100000000010000101100001011011
11001010110000010100010011001111111001111011110000010111111110111110100011011100011100100101111001000101101010110001001111101001
11010110110011111010011110000111011100001011010100100001110001110010010101010100010110010011111101001101110101100011110100111101
10000100101100010100110010100101100110100111010001000101100001111000001000010001110010001011010101101001000100101100110111000000
10001111000000110110111110101100100110111010101110001111100111111101101110111011011110010011100110101101100111100011110101100110
11000000001001100001010101111010011001000010110110000001001110110110100110110101111001101011000111001010011100100111100100100011
11000111011110001001001111000111001100100011001111101101010011001011100011011110110110101100101011101111100001000000001110010101
10110001001110110000100110111100001101001001100001111110110010010101110001111010011000100110000101011001001111011000101111111101
01001010010010000101011100010100110011010001110011110001110111010100111101001011000100101000111010111111010011001001111001000111
11001010110110011111100001010011001011110110010100001101010011100110110010110111010110010011101101100101010011111001000001101000
01000001110000110010101011101101111001000010011100110011000011100001101011110010001010111111010000100000001100100000001110101110
01100111110000000100000101010000100010100101000011000110110110001101011010001100101001010111110111101010001100011100000110010010
00000010010011011100101110000000110001001000110100101010111001100101110100101110100110111111111101100100000000010001011010000001
00110110100101111111101001111111111100010000100100100000001100111010011010111010100010011001111001111000001011110000111110101001
00001100010111000111111010000001111001011100101100100100000011111011010011001100011101010100101000010110101000111011100100000000
10010010100110001000111010001000101000001100110010011010001001100111100111001000000100100110011110001011001001010011101010010011
11000101110100000000100111110111101100010100010001101111001001110000000100010100010111011001010000000110111010110011000101000111
11111101101101111100100010111001100101010011100101100101111010001011100001011101010001010100010000000111101111100101101101101101
01110111110011111110011111111011001101001011011011011100101001011111000010110101010001100001001010010010101010110101001000111101
10010111010111101100011011100100001000100001100000010011111101100111000101000000011011000101000000001110000000111111011101111110
01000010010001011010000100001111011111101010001001000100011110100001001100001110011100001011000000111100111100001010111000000010
11001111001001100000000111101100011010000101010011100000010010111101101000001111111011110011100010001011110001111110101001111111
10001001001100011001111101100011110110111110110000010000100000000000111111000110100100001111010111111101100110100011110011001100
00001100011100001111110011000101011100101000101100111101000011001100111000111000100110110110111101001011110010101010100101111100
11001010100000001110100111110011010010001101001110000011011000101001000010111100110001001000100010000110100111001101111110010001
01110000101001111010010001010000110100001011001001010101101000000010110001101011001011001000110101101011011110110010101000101100
10101110001000100100011110011100000000011110111010010001101010101100011110010000010111101101100100101110110100001111111001100010
01011100111100010000001010011000110111101101111000110010111101111111010010100001111000000010000100110111100010110001111001010011
00110010011111110010101010011001100010011010100110100100001110001101101111111011011100000101110000000010110110100011100000011000
11101000011001000000001110001111111001011110111110101110101011010101010100111100111000001111101001101100100100111001010101011000
01010011100011001111000111100000101111000000111011101101111011000001100001101101100101111001110010000100011101111001001111100101
00100111110101100001110110111101001100110011111011001001100011110010101111001010100111111101111111010100001110001100011010000110
10100001000100010000010000100001010110000010010101000001011101000000110010101011000010000111010100011001000110111100001100000111
01100111110100110110111001110010000011110011111010010100011010011010010111010001110011111010100011110011010100101101001010010000
10110010001100100110000100101010110001010000100101101001110000101100101011010010010000011100111010110011001011101011000011100110
11001100010111101111011101001011001111001100110010100001101001011100011101101000000010111110001110101111001000100101100010000001
10000100001010000110101111110100001010110100011000001010000100111001111101111000110001001101101000001010011010100000010001111110
01110010111101000010101100010111011111001100101110010010001011101011111110111000000010010001101111011101110110111111000000110001
10110111110001000001111011011010110000000100101100011110001011111111110000000000000000011000010010111110011101011111100111111001
01101111111110100000000111110110101111001011110111101110111000101111000000101000110000000110110110111101001111101100000010010010
01111101010110001110000110100010110100011011011101100010001010110111100000010111010001011111001001000111111010101001011010011110
11011111110000111001111010101101001111001100100011000110010001101001001010010001011000110101111111101111111010001010001001101001
11000000010101001011101100000101010101001000100001011010000000000111011010101111001110100011010100111011110100111001100001001001
10111010010101101101111100010010000010000100000101000010001010111010100001110101100010101101000100111110110111000100101100101010
01101001001000011111100011010011010110100001100010111000101101001101101110000110011111000111101110011110011100111100100001000010
01010010100100011001000110000000011000101010111101111001101111000111000001001101101111011001010110010001101101101010101101001000
11100101000110000000011010001100100100001011011011110111101001011111011001001011110000011111100000101100000101000100100100001010
01011000100100011110110010011101000001011011001010111010100010101010110010010011100000001001101000010001001011100011001111101011
11000100110110010011100001001001001110011010101100011011001100101000101011001111000010000111101010100110100001011111011110000100
11000011111000110010000101000100100110100111000001010000000111101110111010000111001001100001111101011001111010001010101101010110
10111011010000010111001111011001101010101010011111111001010000110000011010011011111001111111010101001000101111110010011100100001
11011010100111110010011110000110011110110001001011111000110111100000110101100001101011110110111001100001010000010000011101101010
10100100100010110110000100101100011011100001101010011111011111010100001110000001001100111001011100100001111000001001000111000000
10111110100110001011000100010000000111011000100000100010001001111000100111111001001100100100010111101101000111011101010100011110
11011100010101100100000001110110110111100110100101011100100100111000011110110101110011100001000010001000000010100010000011101100
11010001000111100100100001110100101111100000110110000111000110111001110000000001100100001111100011101101010101110000110110101010
11000000111101111010000100100000001110100000111100010111010011110110010000000001010100110010001000111100101000011100001101111111
00111011111110111110111001101101001111110000010011101001100111111011101111011000011110101111000010110101000111110111101010000011
11110101100110101100101101100010110010100111011001101000111110110010000001111100111000101100101000010010110100001100101011001011
11101111011101100001111101010001110100010100100011111001011010000001111110100011010111010111111011101101000000111110011111111000
10001101111110000111010000011100001010001001101001100011101100101101111101100101111010111011001000000100110010111001100011000010
10010100001101100110011110001010101001011111100111011110100010101001101001010011101010101101101010000111011110100110000101010110
10100101011100001111100111110001100100011101101100001001011001010000110111011001010100001110111101111111000111010010110011111111
