11001101100110010000110011111110111011000000111010000110100011001101010100011110011111100010100001001110011100001110101101111011
00100100000010110101001000111001110110000110011001111001000100101101111000111010101100101010010001010001010010110101000111010101
10100010001010001000010101001111010101100010001100100001101010111011101011101010110100001000000000111000110111011100001100000011
10000001001100100100101101101101010110101101010000111011101010001100000110100011001001000000111110100110001101111001101000110000
11111010000111010000100110111001011011011010100000000010001101011001011001000111010111000101101111010010000100001011101010101111
01111000001101101011001100100111100001101100011100111001010011011100110000111101001100101000101111011001110111010101110101011011
11101010110001010010111011011101001110100110101110001011111001111010011110110111101010110010010101110111001000100001011001101101
11101110010000100110100010001000100010110010000011111101000100101001011011010111001000110110101010001011110000001100011100101100
10100001110011000000011001101110100110011111010000101010001100001111000110000010010101111111011000000110010111110011100001110010
00111000100110111111100011110010101100101101100011000011001011101110011011000101001101101001110100101111101100100110101101010011
00100011110011001111100001101100101001101101010010011011011111011000101101111101110011000001111010110101101110011110110010111110
00011011100011000010011110010000101100011111111001101101010010111101100101101001110010001100001000111101111000000010100111000010
01000000100110110001010000101101010000101000010011000000010100101011110110111010111110000100101110011110101100100101001110101101
11111101001011101011010101010000100110110100101011100011011100001011110001001011100110001100110001000011001001010101111101011110
10001101111111000010110000101011001010000100011000110011111000100111100011110001011101101110000000101110001101011001110111101000
00001000101101100100110001111111000011000011101000010110010110111100011011100100000000001000011101010100110111001100010001101000
01011100001111001110001101110110100101011111101110110001001110111100000110001111010110011010000100111110100101101110101101100101
10101111110010110000011001011110101110001100000100010001011101100000010011111110001101101101100001110101111100011101101010100100
11110001000001000111110010010010111101000001111100110000011001000110011001000110011010000100110011100011010101100011101111011001
10011001110111101100010011011100001101101011100100010100001100100110011110111011100110010100110011101100101010111111010100001111
00110100101010100011100110110001001010010000010011001000000101110100110110001111100011010110110100000001000101110010111010011001
11011000001011011000011010101110010100101010100111101011010010011100111101000111000011000011011111010101111010000111100010101011
10011011001110101111101111011100000010000111111011001110011000000101010100001101011101010111100010000010010111011110100100011001
11001101011100001000001111101011100101010001001101010010100100101111111100100101101100010010111001000101111000001100011010100011
10111000011110011111011101101011111011111010010111010000101011000011111000100111110101010111101110010100011101111101010101110110
10010101010001000100111111111110011011111111001111100000001000000101010011000111110001110010000001011000110011110110111111001100
01111101101111001001010110111100011000110001101011010000001010010000110110001100000110010111100010000011000010000010100111001011
00100100001100110111010111001010111101000100110010100010100011111011110000001001101100100110010110101011111001110000110101101100
00111000011110101010010011110000000010101111101110110010100001011100100111101000111001111101100100010110100001000011101111000111
00001000110011111110011110110010001100010110111101001111001011011110100110101010111111000111000101010011001101010101011101111000
10110110010110100000100001100101000110101010010011100110111010110111000001100000111110100010011011011001011101100001100000110100
10110101010101010100001110101010000000111100100111010110001100001111110011111110101010110100001110111110010011010011010010011110
00100110000100111000001100111010010010000101101000001000011000010100110110110100010110000110110110011101111110101010001101000011
01001011111011010101101110101101010011101110011100101010011011100010110110100010010011000000110100010011110011100010010001011111
00110011011110101110011110001001001100000101000111111000101110110101111100111100011110001101001111110110011100110100000011101111
11011000000011111001101110110010111111000110000110001111101111000000010010000011110000100100100110100001010001101110011011100011
11111000101000110101000100110010001000010100100111000110100110101000100110001111001011000000111000010011010100110001101001001011
11001110010110000011000110101010010000111101011110000010011100010110111001111001100010001111001010000011000001010001010111110001
01101111011011010001110100000000100111000000100000111011101011110111110110100110101010111101000001011010101101111100100100101011
00011100100010101111111011000011000010100010011010001101010110111010111001010010101111111000001010000011010100001101101011011001
10111110000001000000001101110110011111100111011111001100000101010110010010110111001010101111101101001111100000000101010000000100
01100011100011011100110001100111100010001110011100100011011001100001001010000010011011111110011000101011100011111111101010000001
11011110001011101001110101011101111101011110110111101010111111000110010111000110010111001111011011111101001111011100101010001101
00011011100010011101011101000100001010111101100001011111111010010100010000000100101100011101101110110010101110001001011000111000
01000001101101111010101010110011011101110111000010011100101110110000100101000101100000011001010101101111110011100010110100110111
01111110000101001000110110100100100001011010100001100101000110110110000000101010101110101110110010010000011011111000101010010001
11011010011010100100101001011110110101010001100100101011010110010101100011101011100111010001011010000011100001011001000100111000
11010111111000001001100110110010001101011110010111111001101001000111000000110010111100111010000011111111010000100001101000110111
00000101100100110000011110011001011010001100100011001101101010111110100111110100010011110111000100011001110010111011011001000110
10100100001100100001011011001110011001101111101100110101111111000110010110001011011011111111001101010100011000111000111111010101
00001100110101100111100100010101011101101011101011001010111001101101010011111001000110101111100011001101101110111011011011111100
01100100100010010110011100011110011000110110111111001001101001101000101110111001111101001011100111111001000000010111110001000111
00001010111100111100101101111001011100110111110000111101100000101110100110001110011100110111000000111110010110010110111111110000
11001111010110000001010100100100010000100101000111000000110101100110111001111010110011110100100000110000101010001101111110010001
01110100011000010000001111111100101011110011100000001010110011100111101011010010010101000001001001011101011000110010011101010000
11100010111010101011010100010110100111010001100101010101001110110001010000010101001101001110110011011001100111011111100110000110
11010110000000100100001110100000100100000110110001110101100001010011010111001111110111000001000110110100101101010001000111100101
10001101001001000000101011101101111011011011101111001101111010110100011000110100101011011101111011011000110100101100001110101011
01001010101000001110111101011010011000101000110001001000011000010101011010110000101111000011101100010011011011100011011010000100
11101010111001101001000000100010011101001100010001111110100001110101111101111011101010010001110110101110001011110010010000101100
00110110100101011100101000101101011001010110111101001111111110001111001111100001000111000101101000100001010000100000010110101010
00011000011011011110000010001100111011101111110110001011111011010101110010010000100001010001010101100110101000101111001011110010
00110101010010010111010100101011011000001101110010111000001101010111100001000100001010011101110011101001100101011100001111000001
01101011011001110101000010001110110101000100101011001011000000001111011110011111100001011010001110001101101111111000000010111110
01000111011000110111011001001110110101001101011000100000101101010101111111111101001110111101100001100101111100101000010011100011
00101110011101101000010111011010000001001011010100100100011001011100101010100010010000101000000101010001001100100011001100010100
11111101101011000000101010001101011011011101100011001110010101100111101110011001010100110111010001001001100111110111110001101001
10100000000100100100111111001111111000011001111011110101110001001101111110110101111011001110000000101000010010000001111011110110
10100011101001110110111100001001101010011100001101011010100111010111101000101001001010010001000100101100101111100100001100000000
10110110001111000011000000000011001110101010100110001000100110010101000100010000011100110111110100101100011101000011010001011010
11000110110101011100011111011011111011010110010011101101000110110100111111111010110100100010110110010110000001001100100101001101
11000100101011001110101110011001110010101101010110000101101011010011011001000001000101110100111100000100011110001001100010100100
10001101011100100101100110110101100101000010011100110101001010110110000000010100000001010111000010000001000001010000110001001100
10111110010011111101011110110101110011111100010001111001110010001001110011110000110101010010110111110101000101101100101011001110
00100000101111000110000001111101100001010001101010000001001111110010100000100101100101111001011000100001011010100001011001001110
01110111100011000011001100110011111110110001100011100110000000001000111111011011110001010011101011101111010101001100110100001000
10000110101100101100101011101000010111100111000001011000110010001101100011110010000110011100000010111101100010001011011101111110
01100010111100010001010110000011101001111000011000011101000011001111110111010011010011100000000000000011001111110000110101100010
01110000101110010110110100010010110111001011010101111101011011101111110111100101001100101011000110000111000110011111001011110110
11001110100110001011100110011100011100110010001110010000011010101001011000100100011000001010010000111000101011110011011011001111
01001100101100110100111010000111010010111000011001000110110011000000100100011011101001110011010101110000010010100001110111000000
10101010100000101110000011111010111001001111000011111110101011000000010011010100111000001001111101111110011001011011001100100000
10010111110010010100111100011001011111111011110001011000010101000010010100110010100001001000010101011000011001110100110011001110
11011111001100011101100001011010100111001111000100111010100001111011011010001100011101101000111111000000000011011111011111111000
11110011100110111101011110000001111111100001111110011111000010101100111011011001111001000111001011011010001001010011101010000110
01101100010111011010111111011010110110011010001110010111110000111110101000001000000000000000000010111000100010010000011110100111
10111110001111011000001000001010010110110001110101011000001101011001100101001100101110000000111100000111000110110000110011010101
00000011100110101111110111010000010110110010011100110000101100011111100111001010001101000001100100011010010000100111000111000011
11100111101100101001110101011000000010010010101110011111011000101010100101110000110100011100111111011100111101010101110100100000
11110100001111001111101110001101000011001111101010101000111111111111000001001011111101100010101000011101111110010100011101100100
01110010100100011000010001000010100011110011000001011111110100001110111010110111011111010111111101111010000101001011000110100000
10101000111111111010100101010011101110110010100111011000001111101101011110001101111010111111000001110011101001000101000100101101
11110110001010101000110100011101111010011001110100100101011101101000000110101111000101001011011100110001001010101111101101000010
01100111110010011101001000010010111011001101111010101001001001010000110111010010101111011111011111101111110010010000100011010000
11101111000001000001111110100111010101101000001001101001000010111011101111001100111101010100000100101101010010010110101001001001
11011000000110010101111011001001100000100101010110111010110101011110111100101001000010010100010110010000000001110110101100010110
01101010101011010100001101000010111110100010000111001001001010110100000111011011110000100110110011111100110101000000000011110000
11011011110111111010000010001111010110000001110111100101101011000111010011011110101100110110000100011010111110000111011111001100
11010001010110011110100111001000010001101010000100000000010010011000111011111011000010111010000011101000101001101000000111000100
10111101001101011101001111011001101010001011011010010101111000100011001101000100011100001001010110000110110110101111100110011100
10000100011101001101101011100100100111100010100100000001100011001111111110001010100000010000101100111111111011000110111000100010
10110010100000110010000011111000110000111011000111011100111001001011100111100001011000101011110101110000100111000110000001101000
01101100110100100100100011011010101001001011000010111101100111111000110011110010001110101111010010001011010111111110010101101010
00101001100101001000100110100101001011111001100100000011000100110010011110010110110001010011110110001100011110010100111010100101
10010111001110011100011100111011110101100111100110010110000110101101010010001001100110111111111000101100010000010001101111100011
10100111110111011111010101111111011010000110111110110101001101111110111101000000010111000101100011010000101011001110010111110001
00111001011011110101010001100011000011101011111101010001000001011101101110001001010111101010111101101100111011101010011000001011
10000110100101000011010000111011001011111001010001011110011010101101111000110101111010010110110010111010001110110101101110010001
10110101100101011001101111000011100111011100100111000110110101100111000111110010001011011011101011100111110001101111011110011110
01000111111001010001101111000011101001100101110110101111011100001110111010110001010101110000000100011001110101000101101110000101
11010110100110110110000110010001001110010000100111110000001011111000010000011100001100110110111001111101110100100110111101011000
01010000110111010010111001100101000110100100111101011100110110000101001001011000111001001001011100101100111110110010011100011000
01111000111101001010110110100111101111100101000100100000001101001000011111001010101111111001100101101111001010100010010111110100
10100100101111000100100111110101111100110011101001110001100001001110000000101111000011111011001010100011100111011101110011111111
01110110100000000010011101000101011110110111111000010010001100101001000011111101101111111111100001000100100101111101001111000000
11010011100010110111110010110110110001001110100100110001011111100101111011101101000001011101010101101111010011110011010010110110
11101100111101110111010011111110110111110011000010111000100100010011001010010010000100110011000101000101100110010001010100111110
00011100000001110101001001111000110000001111110110101010011110011100110011101100101111110010000010100011000000010101111011000000
00110111011010010000110110110010000000110011101000010001001010011010010111111110000011101101000100001111100101110100110101010011
00011011111100010110110101001111110100110110001100000110011001111100001110110010000110011111111010001011000011011011000000011100
01111001001101110011110000101011110111111000011011111111011000011110011001111000111101001001101101101011101111000111001001101100
01001100010000010010010111100000101001011010101111011100001100101111110010111000001001100011000011001011110010100001111111010110
11101100100101101011110111111101010100011011110110101100110011101001100010001111010100110001110101110001100011000101010100110001
01000011000110001011000011000111101110100110110111011100100101100111000010100100101001100001001101011001111111101101111010111101
01000111001101011101100110100101101000011001011010001110111011101111001111100111111011110111000101011101110001100101011101101011
01000001011101110110000001111011101100011001000111111010001100000110000010011000110101110011001011001001110100111110101010001100
10100111001110111101100111110011100001110000111111111111001001100011101101001101000110111100111110000101101001111001000010001010
11110110110001110110001101111001010110100000100101111001100100001010100000010011000000011001000010111101001001110000101100101000
11100110100101100101011001010010000111000011000101111001011011101010110000011101101011010110100010011011010110111100001110111101
00011110000101000010011010111100010110000110000000001000000100111101001110011011000000001001110100001010011110000101111111011011
01010101011101100110100101000111111000111011011101011110101011000100000101000110000010010010001101110010000110101011010010000001
00111110101110001101101001011101111011110100100110101011010000111111000101110101001110011010001101100100001100110111100010110110
10111010011011011100010100010001100101111010101100110100010001001111000110010000011111010110001010011101001001110101100001111000
01011100101011100111011111000111001000001001011001011110000100000001001011111111000011010000011001001101001001001011111110001011
00101010000111100000110110111111011011001001100011011100011111011100100000000001110110001001010011110110001110111110110101001011
11100100100100011000111111100001000011001010001010001111010111100011010011011100000010101001100101100111111000101000101001100110
00101100000001001111100110000010110001110100000010110001110000011011010011100100110110110111010000110000111110010010100010001010
00001001000001011000000010110010000000001110110100111010010100010100000101000110000110011110011000001011110101001010100001110111
01011001100010011110001100110001000010101100000011000001100111001001110101100010011110111100111011001001011111111101010100110101
01011010111001101110101101101100001001111001010010100111110010011010101101011100001000010010010101011001100011111010100110111100
10000010101010110001110010110010000100111111100101101011001010000111100010010111001000100111010111100100000000101010001000011001
01001001010000100010101110111001001100100010101101011101101000001101010011101101100110110001011011110100011100111011001100111110
11100011100000100101110000000111000100011010101101110001111100010001011110100011001101010001100110110110010100101000011101001111
00000011110110100010111010000100011001110100001000110100011000100101101110111000011010101010100000010000101110001010101110001111
10110000001101010001011101010000110011100011111010010100101011101101011111011001001011001100001000101100000111101110100011000000
01101001010101100111011011001101110110000001010110110010011110011100101101110000001010110100000101011000100011110101101001001010
11001110111111001001011000101001000000011011001001100000100100111100110010011001111001011011101100101010110110001111010111111000
01000011000011010101010100101011011101011101011111001011101001011011001101100011011011011111100001110001000011001101000001011010
01110100111010011111100110101101110101011101101110010011011001000011101111110010011101010010011111110101011111101111010001000011
01100101100000010110010100011101011110101100000000111011101000111011011111001111000001101000011001011101011110010000011110111001
00110111101110000100110101110111010010011001101100101001111010000100111101110001010110001001101110001110001100100110000110111101
11111001111011011110000010111010011000011110001000000100100000011001111100101000000011010110101010001110001101110010001010010010
11111110001011011111001110000100101110101111001011110111010110100000100000011000100110111100001000000110101101011000000101000101
01110110110000101010001000101100110011001001011110100010000110010110111111001110111101110011010101110000011010101001111100101110
00101001000110101111000100001111100110110001010011110010100001001010001000001101001001000010001111011000101111100111000010101101
01101111000001011011110011111001111101111101010110110011110011110001011101011111110111100001101101010110100110100110100000001111
01101011000111111010100100001111111101101100001110011011010000110111000010100011111110110000111110001100010111010011100101001100
10010011001010101110111111011010101010010011110110010011010100111001111101110100100111011111000100111110000010010100111000101001
01011000111101111111011100001101010111000010010000000000011110011111100111011101010000001001001010111110011001101110111010001000
00001101010010100100110001111110100000000101000011100011011010001010001000011010111101110100100000110011001111001111110100001100
10011000110101100011011010010010011010101110101100101010010000011011100001000011111001101101011010100010010010111110100110011011
11101111000010100110000010011110001000111000111100110101010010000110010011101001010110010010000001100010100011100010111000010100
00101011010100101111110010010000101010111111001111001010110111001110110011101000001100000010111001011011111010101011110000001111
01011100111101000110110110000010010110011010011000111101010011111100010100001111011111001001111100100010011011100100000110111010
00010000110101111001110101011110000100100000010010000001111110101001101101110001101101000110110100001101110011001001010110100111
11110010001101100000100011000111110001111110010100010000000101011100111010111100111000101101100110110100000111100111100100110011
00001010111001011100100000110100000100110001101100001101001000111010010001100000100101111011111110100101001010111110101010000111
11001010001101000110001100110010011001010001001101000011101101100101100011001000001001111010011100000011000000010101110111000100
10010000010101111000111001101011110100111101101101110101000011110111000100000100001100111011111110011011011110000010111010001101
10011111101000010011100111111111011011000000011000010110101011010000100110001111110110001100011110111110011011111010111000100011
10111111111010001111011100100001100100111010111001100110000001011011001111011001011111010110111100010110001100001000000001001011
10000010010000111101000000000110001011000000000101100100001000010110001001111100111101110100110100010100110111100101101111101100
01100000001010011001010111000111101100001100010011010000111001001001110110100000000000001001101100000010111000011001111111011000
10100111010101100110110010010011101100111110000011000110100001110001011010001100000001011110101001011000100001001111101110111001
00000110010010011011101101111101011000110001001011000000101100100010101101010110110001001001000110101000100111011000101000011111
10011010110000001101011000100101100000001011100101111010111101001110001000000001101001110000011010111001001000001110100110010000
01001011101110011111000000000111011001011111010101011011101110110011001111101001000110000011011001110011000010010010110111001011
01101010010111011111011000110011010000010010111101011001110000011101010100001100110000010111001001101100111010110100000100000101
01001101011100011001110111101110111110100111001111010100100011001100001010011010101010101100011101010010101001000000111100101100
10111011011100000000001001011100100011101010000010000001101111000110011101011010101111101101100010011000111100010011000100001100
10001110111100110000010010000001101001101110000100010100100001001110011001110011011100101110100111011101101010111100100010111010
11110011110110011100110100001011110001010111111100101011101000010011000101110111111110110001001100100011011010110100010001111100
11001100111010001100111001101010011100001101110000101001100111101010100011011000100100110111000001011010001011111100100101001110
10001001110000001010000110101101110010100010001111110010000100111001011011000111111000110111101010110111001101111110010110110010
11011010001011001111101011001111110110001011100000000101100111100000001100010001110101111101111100010101010100010011100110000001
10110011101010011001100100011101011111101001001000100110001001001101001000001011101101101110101010101111000001011010000100111001
01110011001000010101110010111100010100011101011100001111000111111110011101111111101000010110011101010011000011111101110100000101
11001001111110101010100010000011101100011001101011110011010111111000011110101010010000110111011001001010000111100010001101100110
01001111111000000011000111001110000010101011101100100100011100000010101001010011110100010000110011010010010110110100011000111100
10010011111011111101100001110111010010010101000010011000000000110100011001100011101000000110110010001110111011101010111100101000
01001101110101011011100010101110011100111110110111011101111010100110100101111100011011000000001001110000101001101001000110111001
01000001110011111110111100010100011000011001100011111011100011011110011010000011110110010010110011110011110011000010110010101110
01011010000001000011101110011110111000000100010000100110011010000000000111101001000111110010000011001010000111110001111000001011
01010111000100100100100110010110001010111011000010111110010000011001011001111011000111011001111111000101100100001100101000111111
00101101011100011001000011000011101010100001100111101000100111101001110010111111110001001111111101111111110111000001010100100011
00010111110011101101100101000110011011010111101111111110110100111101001100111010111101000111101110101000110101100110001010010110
10001110111110000110011011100110001010111100110110100101100000001100111101101111000110000000010101110110001010000001011111100101
00111010011100010110110110111011000010110001001001101011000111000010101101010100011101010010111010011000101110010011000010111010
10111110101111011111010001111111000001110101011000000001001101010110110011101000001000010110100110110001111010001111000011010100
01001011101010110001111010010010010010110010110011100010111101001101010001001000000010101100000101111010101100110011001101010001
11101000100011110001001011101100001110100100100011011011000000001000001110111111110111010101110010101110011110000100010110111011
11111110001001001000110010110110011111110011011110101111011100000010010001001101010110101101101111000000010011101000101110110001
00000111001011011101110111001111001110011010010100100011011001110101111110000010000010010110110111100011111000000100010101111100
00101110100111001000101111010010010000101000101110101111101011001110001011001011110110001011100001110111110000110110001111011001
00000111001101110011100111011101110111111000110100011011011001010010101011101111000011011101100101101001100101001000010101101111
10110101110001000010110110101111101111011000101010000001111001110110101001001111001010010101110101111010110100011100110001010001
10110110110001110001000110111010100100101110111011010110001111011110111001011011010001011001110101101001110001111111010001001111
10001000111000010001101011110101010010100011001100110110010100111111111010110101011010010110100011001000111001110000100000110101
00101111000110100001000111110111101111011100000000101010001100001111100011110001001101011011011100000111010001011010011011011001
01011101110010010010010110010100100010000000010001100011011100100000110111010000000110001100111000011100110111001000001111100100
10011110011010000110010101111101011001010000011101000000111011111111111111100101100011001001100100100011001010010010001010011101
10001101001001110100100100010110101101001101100100011000001110000000000011011011001111101001111001010111101111010001011000010111
01100000011110100100010000010101101101001010011011011111010010001001110100011111110001001111001101000010101101100111101001001011
00001100101110101110011001111010100010000100100010101011010011011011010011101011111100011111110010000101110010000110100001111101
00010111000101100101100010100101000000100000100110101100111001001101011110011110101011011110001010000010100011001001101011111100
00100010011000010101000110110000101010001101100110001100001010111000001010000010011111000011111001110110011101110001010111001100
01010101100101111000001111100001110101100000011110001001001000110011000000111111111110011111111010010111100011101110100011111000
01111110110111101110000001011100011100001011011111000000100100010101110010101111011010101111111001011100100101100100000101000111
00001110001000110000001101010010000101010110101000101011111001010000011010010001001010001000001101010110000110100001101001110110
11110101100001010011111000011011010011001111111101100100011101100111000111001001000100111000111111011000101110000010100110100111
11001100011011111010110010001001111001010001110110000010111101011011110011001111101110000110101110001001000000111101001011110111
00111011101111010100100101010000010111001100101110100000100010100000110100111101011001110011101001101010101010101011010000001001
01001100011000001101100011010010000001010011000000100101011011110000100100100100011001001000001001011010110011000111100111010000
01010111001100000010110010001010100010001000010111011001010010100010111101010011001100000110101001110101000001000111111011001010
01001011110100011100110100101100001011010000011100001010101000100000001101000100011010011010000101001101001101001111111101001001
11001000000100101010100110011110111111101001110111010101100110000001010010100111001100010000001000111111011010011100100000101110
01101110010001010000100101101001001010000000100000011010000100011100000111110000111111100100010101011100101100011111100110101110
01111011111010110100011001010101010001101111110100110110100010011000010100101100010101001100101001101100010000111111000101101010
00101101000010011010001001010000100011111111001001011001010010011101001010101010100101110010100001010110001001110100000101010101
01000110101011100111011111001001101011111100101010101101000010101001100010010011000111001000010000010011101100010011110010001001
10001010000101101001100000001110111110010001110000010001000001110110110000110100100000001011001110101001111010100000000111001000
01111011011010101010110000000101111000101100111101000001001110011011011101001001000110000101101111110100101000100010001010011111
11010001001000111110100001000111101100100011100111011001000101111100100001100011101101011111100001111001110110011000001001000010
10010111011001100001100011011000110011001101000001111111110001010110010011001110101011000111101100101100101010010110101010101110
11111101110001010011001101100000110010111011110011110110111011111000011000000001111010111110111111100101110001111000101000100001
00000101000010111110111010010100111110001011101111000101101111010101101000000010011000110001110100101000011010101111101001000010
01101011110000110010010101100010000011011011111001010000010101010110000000011110000011010111100100001110000110000001110011101110
00110010101111110111110000100100010010010111110011000111010011011111011111010001100100010101001101100010011100100101101111111100
11100001111111000111000111100100110000000011101101110010011000001010000110101011100110100000101000110100101111100100001100100101
01111111010011100010111111110111110110000001010000010010110111100100001100001111011010000100000100110110011101101101100000101010
10000111100000011010111110101001110000011010101100111001101010110010010000011101101001001011001111100101110000100010111010000010
10001111000100101011101110101100110010000000100111011101101000011101010101110100110100001110010111110000011000110010011010011111
01001001001000000000101100010111010110100010001000111100101101101010000100100100001100010011010010101000111100100111010000001100
00100001100100100100011111111100011000010111110000110011010101101000100010000000010001011101100101110010010111101001111001000100
10010110011011001110101100000010100101000001001111000101000010011111101110111000110000101110001100100000010110000111000010000010
11110110111111001000010101010011010101101100100111111111000000001110110010100100011110110111010001100110010111000001100111000111
11011000100111000110101110010100101110100100101001100111010110011001010000101110110101011110110000001101000101100100010101111010
01001000100001111100101010000100111101000000011011011101001011010111101011000010111001011011110100000100010110000100110000110001
11111110110010011011111001111001010110010011111001001101100111101101110101010001010111001001110100001101001100010100000000111001
01011110101101110111001101010110100111001001010101110111001111100001101110011101011100001000100010001011001000111101100011110110
10010010101100000000111000001101100101100000011000110101001000111011001000100100001001100001100001011100000101010010011111101101
10001011110001010111111000110001100010101011000001010110001101101101010100111101111010110000001101101100110101010111001011000010
11101000010101101101001101111111010011001010001011011100011000000110010101100110010110100111110001000001101000011001010111111110
10010101001010011011101111111000111100101100101101110101000101011011101111111010110110001101010111110111101111010001101110101011
11011111100011010011100010000010001111111010100001101101011011101110110011011001101110110100100001010111100011110111110001000111
00000000111110111101110010100010001010111110110101110110001101111110001000100111001100111001011011110111001101010001010010101000
10000000111011000101000010111110011011100001100011110110011101100100101010101010101111001100011011101001010011000101000000000101
11001111001111110111101101001110100111010011010001111011011110110111010101100011111101100100001111001000110000111001010011000111
00111000111010101100000011010100110101100010010100101011010010001001010011000100111101001111011010110110100110100100111101101100
01110101111000010001100010110000100000110010110111010100010010001000100001110000000001111111111111101100010000000111111111000011
10010101011001111101011110011111001110000100000011100011100111001110000111000010101000001001011100100110111111011101110110111100
01011000010101101101000001110011101011010000110111111001110100001110100100011000001101100001100000100011111011111001000011100000
10100111011010010101001110011111011100000110100000100101001100110010101010110101101110110110001100111101101011110100101011001111
10011110100010010011010111100111100011001011000100000001011101001001001111010011110110011101111111001011010011011001100011010110
10110001011111101001000011010101001110111110010100101111111011101010010011000000111011010100110111000100111100011011110000010100
10000010000011100111001111010111100100001100110010000011010100011000101111001010001100001101101011011110110110010001100110110001
00101101010111010000000010001001011001110101100101110101010001101000111110001110010010011010010001010110111001100110100110000001
00101111010110101110011011001011000110001001111101111110000100011011010111010110011101100010111001011001110011100110010001000110
01010111011011110010000001000110001001000010000100110111010011011010111110010100110100111100111111100000000101111000101101100100
01111001010100110100000010100110011010111011010110001011000111110110001010111011110011110100001011001100001101100011111101111001
01001111001000100000010110100111001111000011010000001100010101000110111100101011000011001110000010110011011001101111101101000010
00010100001100111110010110000100100011100101011101111111000110000111100111101010001101000010110001110011001101101100010100001001
01101001100010110111100011101111011010010101101000110011010111111100001001000011100000101000001101000001010000011111110011101101
00001110110111000101100011110101010111111101111001011010101011010110010110110111110011001010000000011101010010100110001000010101
00001001111111000100100101001101001100011110011111000011111001010110110010101001101111010011111000010101000000110110010011010011
01001010110100001101101110010100000100001110100010100000110000101100110111110110010010001001000110001111111011111000010011010100
00100010101111101111110100111011110100000110110111111011001111010010000111110110000000110010010101100001001011100011111110010100
11000011001100110110101010000111000100000111100110101110000001011000101011011101000100000000011100011111000000111110010000101010
10101100010010010100011111010000100111011101111111111011000011010010010010110010011110100101011001001001100011001100110110010111
11100101011101011000000110010010000010010110010001101011100011101000011101100100011111011101101111101111010011011110111100110100
00100101111110011100101110111000011110001010001001100000110011010001111110100111011000001011100010101100101001111001101001000101
10010111010010010001010001000001110100010000001110101110100100110100100000101000110110101110001011110100010000110010001001010100
00000100010101000011010100000110100010001111111010101011000010001001001111101011101001011111101010110000001001010000001101000101
10001100110001110101101111110010111000011001110010101011010010100011011001011010000100101001110010110101011100001101010100100000
11110000000010111110011001101000010111010101111101010100001001010100100000000110001010010001111110111111010111001111001101001000
00010111010110111100101100110111101111000100011111110000111010010110001010110001101010111000110001111011111100111100110111101111
10010111010111001000010010111101010100100100111000100111110100110111011100000001001001000011101010110010100001011111001010110101
00110000010011111101110000111011101111110011101011100001001100110011110101101011111111001000000001010010101110011101100011011010
01001110001110000011011010010000110111000100101101011101111101011001101011100100010011110101010011001011100110101001110010100011
11010111000010000100010110101010111100010011011010011101000001111100011001100000111100101101010000111100100000010001111010010110
01110000010101100011111011110011000011000010101000101010000011100010110101000111111101001111010111100110011111010100011000100100
00001101111001101101000100001110110010010001111011101100101010110100010100000000110011100001010000000001110010000101001111100110
10110000000011101100001100001000111010000111010001111110001101010011100101001000101000000111011111110111101110110000101100110010
00000101101011101111110011001110110101111110100001000011111101000111001000110010110001010001010001111100000011010000110011110110
10011111100010011110100010111100110110010111000101010010010011001100001010011110000010010111101111110110001111000111000111011110
00001111011100010011110110100111010000011101010111111101110000011010110100101101001100000010101110101011111100010111001110100000
10010010001100111000011000011011100010111001110100000011101011110110111101100111001110111101100010111010000001100100000111001010
11001101111001010101011001011111010111101010110000011101100010110000010000110000111110110100101110010100111110110110010000001001
01100001011010110000000010010000000101000000101111100000001101010100110100101100101011011001110100000100111100010001111110111011
11001110101001100001000110000001111000011101001000100001101001001001100100100100000100101101010011000111011010000000101110100101
01010111000000111110011100110101100001111101011101101001011111100001000100010011001100111011000010011110001010000101111110001100
11001011111000111000001110101101001011000001011001110010110011111101101111000001011011001110111110100111101101010111010010101101
11101111011001000111001111110001001011001111110111111110001111001011000010000101011111010100111111010010101000110110000011010000
01110011010101011010101011010011100101011000110101111001100100110011110100110111001111101110001000111011110110000000000111010101
00011000100101000000011011111001110101111001100010111001000101100111000101011101011110110111010011001011100001000010010111100000
11001000011001101101110000010001001100010001110000100000011001101100010101010100111000100000001000110100111111010001011011010101
01110100001101011101100001101111111001110100111100001110101111011011100100001000111100111111011111010101011110111001011010110101
01000011111110100111100110110001110110111110010100010000011001011110110010100100011000100010101001010101101001000010100110100000
10111001100111001110110110001001101000110000000100111110001010110101010100111010100100111011011000001010000000110101001001011110
00100000110110101101110011011101100010001011110100111101101000100011011111011101110001011100101100111100010000111101110110011110
01101001000010100011110100110110011000001100011101011010100111101110111100111010010001100111100000101110001100111011010011001000
01100010111011100111011000001101101001110111011000100001111001101111010110101100011110100001001111110010101000100001101011011100
11011100001001010001000001011110111011111011110010001010110110000100010000100110110100100100100110010010000001111001101110011100
01010011010111100101111101100111001110001010010001111001001101010000111100101110000011110000000011111001110011111010111001001011
10111111001100110000100011101010000001001011101101011000100101010111100000101011101000101011001010100011100001100111010011001000
10001111001110011100011101000110001001110011110100111100011100110001000010110001101100100011011001000001111111001001110100001111
00110101001001010001001100000101101110110010001001001010000000010010010001101100100011110111001010011000011010000010001110001010
11101101111110011111111011101011001011110111001100011101001100011000001000010110100111111110011011111110110101010000010100101010
00101011110100001011011010011000001100001011100011011100010101110000001010010101011011000110100101010001110100010010001001101011
01100110001011100100101001011101011000100001000010001000001111110011100100111010010111100001010000101011001101110111100000111001
11001100100110101100000111000111000010101010001001010011010001111010000110011010110000001110111001100010011000101000010001010010
01100101001111001000111010001110010000101011101000110111011101101001101101101000101000000100000110111111101000000100000110001101
11110011101100001001011010111001110100000000110001111110011011111110000100000000100001111011010101000101101001111111111001111110
01010010000000011001001001010111010101101011101101010110001000111100111110011001111100111010001101010010001110111110100101010010
10111011110110100001010101001011000110110011011001110110001011111101110001110000010110111001010000110011100100011001100101010001
11011101011110011110110011100000100111000111100100100010101011000000001111000011010111010000011100100001000000000100100011000011
10011011011100100001001011001110001010111001100001000101000011011001000100101000000100001001110100011110101011000001110001001100
00011000111101100011110101101000110101000011101011000010111000101110111011100100100111011100111001101010000001101101010100011110
01111011010110000001110010101000100001100000011100101000111110111000011110010011110111111101011001110000110111011011000011011011
10011000001111111110100110111101110100011000010011011001001010111110100001110100100110111110010110111001000110100110110110111101
00011110000000100011010001010100111011011101001101000010001001111110000100011111011000100000100101111011111110010000001000101101
01010001111110111111010010011111111101001111101110101010111100000110010110111101101111101001010100010101101001010011101000010011
01010011100001111101110000101110010100111101000110110000011100101000011000101011101011101011000010010111001010100101100100010011
00011001011100010010001100101101001100001101011011101111011000101100110101101111111110100000000000000110010101010010111001101010
11110111011001000010101011100110010001001101111101111000011000111101010110101100001110110001010000010110110010101010010111000100
10100100111111010111010011111100111011101011111101110101001110010111001000110000000110000111110101011010011001110010010011011101
11011000000110010001111010101111100110011111111111111001011011101111110100111111000111011101000011110110110101010110000110011000
00100110011100111000010001100101000001011101101101111010000110110111000011110001100010111100000101010011100000011010100000101110
01100101110111011111100010011001000100100100110101001010111000000000101110110000010000110110010100011110110110100011111100011010
00101110000100110100001000001001111110010101100100001011011010100010000001011111010100001101110000111010000001100101001000100000
01110111001011101010100001100101101100100111000101010000001001110000100110010011101100111011001010100110110001001001011000111101
11111100011111001110110100000101001011110100100001001101110110000110100000011110011011010000101111000110111110011010110001000110
10001110110011101011111110000110110000110001000000001111000100110001011111111100011110001100101011111101101110110001000001000010
11010011100010100100111101000111111000110010111100111000011110010000101001011110111001001111010001001110001101110010010011011011
10100000100011011111110001001000010100101101110111001101101111110110110001001000010001100110110101101100001100010110010001100110
01010010000000111001100001111100101010001000000100110000100110110111100101011000101100010010101101101001010100011011110101011100
10101001011000101101110011101000101011110011011010111010111110110010100110001011010010011111101101010100101101000000100011101101
01110111110000100100110001100111000101101001000110110011111100100110010011111100000000100101110000010011010111111010101100010110
11000111011101110001100011111100011001111110000100000110000011000011110110010110101110100001111011101111110010100001001110011001
10111011010100101100101001100101110010100110000111101100001000000001010001000100001110110000000010011001100011100100011100000010
10110101011101011110011111100100001100110000101000110000101010100101011010000011011001111000001001010111100010101001111101010010
10100110101100000011011100110100011100110110000111101011011100110000000000000000010001101010011110101110100011001110001101001100
10110101110110101110111100001101001110111011011101010010011011111110001110110111000110111101101011111001100100000000011001100100
11110110100010010011110110011110101010110011010110000111001011110010000100011111100000101101101110001001110100001100010011000100
10001001101010001010100001011100110010001110010100111111010111011101010100101011010111110110010101010010011001001100000010001111
11011010010011110001011001011000100100111100001111011111100010110111000000111111011111101100111011111110001011000010011010001000
01000001100110000001110010101000010010110100011001011011110000111111110110111010110101011110111000010000011101101001100100101111
10110110010101000101110001000001100100011001110100010101001001010001011000111101001100001011101000000010010100100011011100100110
10111001111111101010110011110001011001111111000111010001000110010011011111001100011100010100100000000001011111000011111111111011
00100111101110101000010000100101010101000100001100000110110111101011110110010101111001110110101011010000000000010010110011110000
01011001111001010100111010111001001110110110111110011110111101100110000011001110010111101000000010011110100101011111111111110011
11010101000010100111111010000101111100110011010111011111100111101001101001101000111001100100011010111110001001101100011000111100
01111001100010110110111111101000110010011110100010111010010111110000111001000010011111111110011100000010000101000100110111010000
01010110110000101010010011000101110110101111111101000001001111101111100111010001000101010110110011111011010011000101011110001100
01001110100000000100000011010100000001001001100000011111111100010001011100001101100010011110101000100111111011101001011010000110
01111001001100001101011110110011011000111110110111011011110100010100000010001110011010000110101001100100010010101011100110111110
11000100010110101100100111110011010010010001010000011101110011101111101100111101010110100100100100011101111011011011111001000001
00011000101100111111100111111100110111000110101011100010101110100000100110000101001001011100001010101001001010100110100011111101
11011101101101001100111110110010010010101001000100011000010000111010111010010100111011000110000110001011001010110001001011000111
01000100010111100001101001000111100001000011010000000010101001100101100010101000111010001000010000100001001101100111110110000000
10010111010100000100100110110101101111000110110101010110111010110101010111111011000101111000010001001010011001111010011100011000
11111100010001000101010000000010100000001010010011101010100011110000011101111011101110110011010010011101101111000001000101111001
11010000100100110010101110010100010111110000101100001110110001011100100110000101100111111111110011001011111111000101010100001001
00110011001101100000110111110110010111011011111001001101101111000001000111110000001111011010110011100011100001111011010001000110
00110100010001101010010101011011110111011001100110100101110100011011100010011011101100111100001001011100111101001010010001001000
01111000000011101001111001011100000001001011100111111001011110011010001010001110010100010111000001101001111100011001111100110110
11011110111101110111100101110110011111111100000000111010100110110010110110001110111001011000100110111101010111010000110011110101
01100101001100010000100010101110001111011000010111100111010100110000111000100110110001011100100011000110110111110010101000111110
11100011100100111111010001000110110000111000111100001110010011100011001110010100001001111110100010010110000001001101010111001111
00001010101001110011011101100100000001011111101001100011111111001011001100010001000010101111000000011101011100010010100010000011
10000001100000001100110001001100101101000000000010101111010111100110111010110001010000101101010110100101101111000011110000000010
01100000101000000101100000000011110111100000111010101000000100000011100000101000011011001111010100000010000010110100010011111010
00110011010110000000111011011000100100101101101001001101110101010110010000001101111100000000111111011011100101010110111100111010
00100000000111101010100101101011111001001100011010110111001001111001011011111110100110100001110001000011001100010001110101001010
01001000000111100010110010110011011101101011111010101100101100111000101110011101100001010010101110000101011100101101110101010011
01111110000000100001111111110010011110111101001110000100111111001110111001011000100111001110110111001001100110100010111101001111
11001100110001011001010010111110100111100011111001101101001000000000011100000010010111010001110100111001011001000110100110001101
10111001111010111011000100101100101000110101100111110111110111100000011100101110000100111010111001010000010010000010001000101111
11110000001110100000001001010001001101110010010001011000011000001011001110101101101001110110111110111101100000000111001010010001
11101101000010110111111010001111101101110001011011111000101000110101000000000000011110011111110001001110100000100010011110000110
00000000000101110101111101010100100101010111011101101010101101001001001101110101011100001000111001011110111111010100110001011100
00110011101001101111011111011100001111111010101001100110111000100001000011001001111010110001011011100010101001111101110100011011
01100101100001011111100011010001001111111101110010010110111100010100110011101001011010111011001100010100011001110010110100111111
11111100011100110010001110001101100100110110001101001101010001111101010110011010011101010011011100100010010101000111111001110111
00110000011101001000110011110001011010111111010100001100010000000100100111010011111100110000110101011000110110000001110101110101
00000001110000101011000011011011001111011100101011011100110110100100000100001100000100111010001110001111101100000101101010100000
10010101000010011000110011001111010001111001000100101011011100100010010110010011110010010100111110001100111101000011100100101101
11111110010111111111000000011010000101000111001010100100001101101111110111000010001000101001100011111011010111110011110100110101
01001100010100011001110000100001111000001111011111011001110010011110100111000100100100010100111001000101101111100011010010101100
11111011100011110101101100110010111010101100101110111010011111001101001000110101000111101111110111101001000110011011011011111111
00011000111100101000000010000011100101101011111111110110000111001000110110100111101000101111011010101110111001101110011110000000
01110011000000001011111011111101011110001111110010001000100000010001010010000110011110101110001001101111100011101110011011110100
11011111010111011011100000110001011100101001001010111100101110001010111100001111110100101110100110100111100011011101011110001101
10001100001101001110011010000100110110010101101101001101001000011011010011011001001000110100111011000111010010110011111011100011
01111101111001011101101101110111011010100111001111100110010011101111000011100000010101111111001101110000100110000010111000010001
01001110011000100010001000010010100000110011101101101001010000100001001011110000111111010110110011110101011111110001101101111111
11010100100001010011010100011001110110010011010010100010011100100010101101010100011100100010001011110001110100110111101110100010
01111100001000110010111101011000000110010010101001100101101011110000001101101011110111010011011110110111111111110100100101011011
10111111110101101111011001101110101101111100001101111100001101000100101110000010111100000100010110010000100110010000001100101101
11011100100000000100010001100111011100010100100111100011110011001001111100001001101010110001100001001000111110110110001110111111
01100110110110010110110110101101100110001100010001011110110111101100001000100001110010000001011000010010000010011110011100000011
10000010110011001010111000000001001001100000101011100101000110010011101100010011000100010001001100100000000111101010101111101011
11101110010110010100110100110010000010011100011110010000111110011010110000011010001110100110010100101010110001101101110000010110
11001000101010111100010000111001010100011000011111100101000110001011010110110010100001011000011000101100000001000011110111111010
00111010110111101001100111100010100101101001100000100101110001111011001110010001101101001101100100011001101100010000111000100000
00100100100101100111100011100111100100000001100100000000001000011100011010001000001111101001111001001001111010101011001111010111
00111010100101110111110111101111101000110100000100110101010111110110101100110001011110000111000100111011111011001011011011111100
00001110101110100101011001010010001000110101000011111001011100110001011011010100011010100010111001100001010000110101100101001010
01001100011000010001110100111111010110000010100000011010011001000001010101000110011111100011110101010110100011011111110101000001
00111101100100100101000010100100100110110010101011111000110010010000100101110000000000110010100001111010111111011010010011110011
01111010111011011001111000101010100000000111001011111110100101010000000011101010001001101100010001110111000010111110111000010110
00100100111110100101010010110100000111111101000011100101101011010110000011110111000000111001110001010000100110111110110101110100
01101101111010100101100101000010111001010000010010101011101101100110011011001100000010011100001100110111110101100010100101011001
11010001000011011111001101011010101100101010000001010001011001100010110011111001001111001010010100000010000111011000101100001110
11101100110010011111110101011000000001011010001000111110101100001000000100011110000111100111100010011111111111101010000101001011
11101000111011101100111010111000011100011100111010110010000001111001110010001001011101100000010100100000110100110111000000010100
10100011011101101011110100011011101001101100111100001110111101111111011001001110111111110011011010110010101111000011111100001001
11101000011011101001100011110110011110011111111100100110011111111010101010000101010000000011000101000110101110100010100111110010
10000100000101001111111010001101110001100011101101011001000001100010001100000010011111101100011001000111100001110001110110111001
11010011001101001011101010101110101100011011000000111110100001111000000111100011011011010100001011110111010000101001111111010111
00011000101110000111010111110111101101010010001101110001010111010100101110011010001110000011000110001001101000100101010011001000
00010001010110100100100101101001000010011110000101001011101100011100100111101100011110101001100100101001111010011111010101111001
10110010101101110100110001101111001111100000000100100010110110011101000010100010010011011011101011111011100001010010010000111101
10100111111000110100111000101001100110101101000110010111010110010011000011001101101111010010000100110101110000111110010000000010
00000011100010001001000011010100101000001110110010001110011010000100101110001011110010100101111010001010111011010001000110001000
00110000101010110001100100100000111100111000001000110000100100000010000000111111111110110011001110011111110011000100000010110101
00011001101111111100111000011111110000011110111010011100101111100101000100001010100010001000000000101010101011001101111110100001
11001100000110110001010000001111100011001010100000101110110001011000111100001001101010100000110010011110010000010111101101101011
10010110000111010010100010110010110101100101101111011101001001100010000110111000010010011001111011110111101110110001011010101111
11000110111011010011100001001100100111001011011001010001000000000110001000001110101101100101011000111011000000000100100110110111
01001011000100100000111101011000100010110010011101000000110100000111110111101111101000101010101000100100011001100100111111010101
10000111100001100000110000010110010101011101010011011101111100011100001010110111011111101010101000111001110100110000101111010011
01101110000110111000000111100001001100101111101000001000001011100100101000010101101100101111001101010101001110000100010110010010
00110011111010001010001110011010001100110001000101111101111100100000111001100110001111100111000111110011010110110101111111001010
11000011010101111101111010000010101111100100011011101011110000001110010110101010101011001100000000111100111001000001010011011001
10101000100101100100101111111011111111011101110011011010110101111011101100001010011110010101101011110110100011100110011100011010
01010100000011111101100000001111101000111100011100111011010001111110001010111010111111111010100110001111000110100101000100100011
01000111010101111100011100011111011001001011000001111011111101000111110010000100001001011111010111110100010110011000000001001110
00110000110000101000110101101110101001101110100110111110011110100001001110001000000011010111000001010110010101001101001000000011
10101011000001001000010111110100111101101100000111110010110101100100100000011000010111011010100001010000111001111011101111101011
11110110010010111111100010010110010010100010001001111110010101010011000101011001101110010101100000101010011111011111001011110110
00000101001111100101000000010000101010111001101010100101101100111011100011110110111101010110101111100111100001001011111110011111
11010100100011011000001011000001010001100100001101111100000111000110010001110101100000010001011101111111100000110010001111001101
10101010110101100000010010101000011010011000111010101111000000111100110010100010101000001101111000100001001101001001101111111110
00011111111010001100000111000001101000110011010010001100001110000011100001001001010011000010011011111110111101111100010010101010
01001100011000110010000110011010011110010111100110001110001100011100111110011011000001001111000011000010100101111100100111000011
10111010111000101010001101110000010011100001100010000100010000010101101101011000001000011100011001000111011100010111111110100010
11111000110110011000010111101010001000011100011000100000100010110100101111100100000101001101011110110001110010011001101101000011
11011011111110001011010111000011100000010010001001111011100101001110000001100101101011001001011000000100100111000111010000010001
01001011010000110110001110001110011011010001110110100011001000101000000001001101100111001100101101110011110000111101111111000010
01010001111001111100011111011011011101010011010100011111111110100100010100100001101010101100100101101111010100101001111001010000
11110111101111101001111000110111001101001010110010100110100110010101100001010000001110111010111101001000110100011111010110010101
00100101111010101111101110001010111110010011011100111010100110000011111010101011011001100101000110010100001101000010110100001100
10000000010100010000101111011101110101100111000011101000101101111001011111011101101101111000000101101101000110101110100011111000
01011110100011110101110111110001101101110001011011001000000000110010001101011010001100110000111100001101100000101100100100101100
00101001000100000001001111001001001111001100110011100111010110000011100001100101001101110011010010001011111001100000000110100100
01011100111111110000101000000000011010000101011101010110111011001100000111011001101100101011010010110011000000010100001001011101
01111100010100101111001001100010111010011000110010000101100111010011010111100111101110101100000100001101110011000000011000111110
11100110001001000101100101101100000110101101010110011111011011001101000010100110110000100011011011111100011010010010101101111111
01101001100100011111010101101000111110011000000010101001100000111110111111001010101100110100111100100100001001111001000000101000
00010111101101011010011010010010001010000100101011101101111101111011111110111111100011011101000101101110101001000000110000110110
01001100110111001011001011111111010101001000011010011111010100101111000010100111111100111101111001100100110000000110110111000100
00110010010011001001100101111101000010011110101000010111001001111100010100010001010001110000001001101011011110010111111101101011
01000010110100010010001101010010000110111101101100101100000110011101000010111001011110111010110111110010101110000111001001100110
10001000010000100001101111000111010110001001010101110110001100111010100010010001000110010011111010101101001000110011110010001011
10111110110110110010011000011110101110000000100010111110101110000011110001111000111100010010101000011010100111000110101100000101
10010101000000011000111000010001101101110000100101100100010111010110111010011011110001001101000111010001000110000011111110000110
01001011000110010000110011001010111111010010101000111100001101110011110001011010011000100001000000000111111100000110010111101010
00000011111010011100100100111010001101110001011101011011010100101000011101111100100110000001011010000110010110011000111110111011
10010100010011001110111111010010010101111101101001100100111011111101001010010010100000000110110011111000111001111110111000010100
11101100101010100101111100000001110010010100010010100110110000110011111000001010100100100001001010011001101101101100110010111011
10001111010110111100100001111010001001101111110000000101110111111010100100101100101000110000101100011111011001100000101000010111
11011000100100100010011000010100010111000000110000110100100000101001010010110010100110011100011000101010110000011011100101010100
01100011001011111010001010010101001101011110101100011111010000011001010011100110001000011100111011100111100001010001111110000000
00001110000101010000101110100100101100000100011101010111101111100110010110100100001000011010101000111000011110101101010101100111
10111011010000010011010000101101101111111001001010010111110001100110000000111101101001110101000111011000010110010100111110001011
11011001000000011010110010110010111101011011100000101111111010000001001000010010000011110100110010101111000010101001011110000000
11011000101101101111100100101100101000010000100001100010001010011101100010110001111110011000100000000101110001011101010010000110
00010110011011011000100101101000101111111000111000010010101000000100101001011010010010000100000000010110010000100101110101101110
11000010100111100001010010111001100000111011000111110000000100111101001111101111010111000100101001111101001110110010000001100100
00101010111111101000100011010011011010110111110111101000100101011000100011000100101110000000110001000100110001101010010110111010
11100000000111001010010010101000101000011010011000101010011001000110010001010111010000001011101101010110000000100000100111101001
01100101001100000111001000001000110000011101101001010000000100010100110001100101011001001110011010101011001101110110010010010011
00101010010001010011000111000010000011010011000011110110101110011100011011100001001110100110011001001101101011101001111111010001
11100110011101011000000100110001110100001001110010110011110101010000011111010100110010011011000100000110000111100010011111010101
01100001001000110101100001100011100100110000001101110001100000110010100110111110010100101110111000101111010011110101010101001000
00011011000111101100000100111010100000111011110111010100100101000110011011101001101000111000001000011011111000101010111101101010
00010101100011100000110011101010111111011110110011001100001110111000101011110101001000100110010100000100000001100100011110011100
11010010101101110110111000001011001111101010010010111001100110011101010001111000110001001110011101101010000001000001010100001101
00011000000111000010101111001101100010100011110101011111100000101010000011010100101010100101001110101111001111011000011111111010
