01001101011110010010001000111000010011000011111111011010010111111001011000111100110110010100111011011001100011011101111001100110
10000110100000011010100100100001100101001001000100111100110011111100111101111011000011110000101100000011110101100000100100101001
11100111110001001011110000111101000100000001010110001010111101011011111110000011000001100011111010101000101100100101001101101001
00100000000010010111001000000111101110001011000110101101110110101100111110010011010100101010001011001111011011111101101010011111
11010101000101001100000100111111100010011011110111011011011110001000001110111000100011100111001101001001111000001001100011100111
00110001101000111000100001011011001111011001101001010100010000011000111110100010001101101000101110010000100100001111011000100101
00111001101100110100110100000000110100101001011100001000000100000111011101011000100010111001001100000010010011010010001001011011
11101000100001111110011110110011110001010001101101110011110111110110010011000010010001011010010100001110001001001010110110111101
11000110001100000110101000111101000011111010100110001111100011111111010101010100100001100110110100110111110110010100100110010000
11110000011010000010011110101100000101100011011111101111110000100111110000011011000110111011010100011111000110100001100010001101
11110110101110100010010101101100010011101110111100100011111110111000100011010010110000001010001000100110010100111101011101011001
10100111000010100110010100111000001100000101011000000000111001100001110010000001100101011110010001011100010000111000001011000100
01101101100011010101110000011110101110010010001011100110010011011111100111011100011111011101001000000100111110000010110001101001
10011100111110000110001101110111111110010001000000100101001111010101100101010001010111100111001000101110101110010110011001000000
01011100101100100110111110111101000001110001110111011011111011110110011101011110001101101111101011011100000000100000110111001111
11111101111100001000010110000010010000100110001101100001100011011001111010000001011101001110111011100100000101011100111010101000
00010101101101100011101000000110000011000000010110010111111110010001110110110110011101111110100011010100111110110100000010010101
01110001001111010100100000011010100100101111001110011010100000000111101011101001001110010110000111000011100011001010001111101110
00110101011111011110101101111000010011110000011010000110111100010100000101101101011000110001011010111001011010000001101111001111
11110010000010100010011101101000010101000100111110110110101001101101001111001101000000011110010000001100001001101101110111101000
00000111101110110000010101010011010001010111111011011000001101100111111111100111000101100111001111011100100111101010011000001011
01010000000010001110100011111010110000100110001111000011100110101000000111010000001101001110011000100100110011011111011011011101
11101111100101001101111111010010111000100001101101000001011011111111111100000100101001110100011101101100110000000010010111111100
11110000100001101101010011001010001001101000000010011010111000001101010111010100100101100101011101010010001001000110000101000100
11110001010101110001001110001001010100010010100111000010101111000011011101100100001111110101000101011011100101001101000011011101
11100000000010101111011001011111010011111100111101001100101101010000001001000110110101001011100100011011000010010000010101101001
11100010011010100101101110001010111100111111101001100101000011000000001100000111010010010100010101000101000101101011100011011011
01100100101000111101011110101001110000000101011010001101100000110010111100110001101110100111000111110111111000011011011010111010
10000101000101011111000001011111011100000010100001101100001101110110010101110000110000011111100010101101101110110011001010111010
11110101110000010011010100000100100011010110110000110110010101100100000111011011110110010001100100111000111100001010011011011000
01010100010110101111011001001101001010100010111000101111100000000110101110010111110000001111001100011000100110000100000101101001
10100000011101101111000001110110110110101101001101011010000000110110100010100011101110001010000110001000000100011010110010010000
00101011110101110100101111010001001011011010011010010111000110111010000011001101100011001011111010001001100000010100101100110001
00010001111010100001101101110011101111100100110000010100001100100001111111100100011010100110000110001001101111011000110100001110
10101111111100101000100001011100100011010111001110100000000001111100010101100100101100110010111001110111000110011101100011101111
00110111000110111000001101010010001100111000001101110001001111001011110100101010111110010100001010011000110000101100000110110010
11111000100000001100010101101110000110110111110001111010011100100011110110000110000010010011010000010101000110100001010011111001
00011011111101001110001101111000001110100101110100011011010011110101001110100001000100101001111010100011101100100000111000110110
11000111110011111000001101111110100011100111110111110111010011011010110100100011000110011000111000110111110000000111101011111000
01010100001110010111000111111011001100001111011101110010100101111110111100001001100101101010000001101101110011000101010111101100
11010100110110000100001111011011000101100110101000101010000011010001111000101100010111100010100111010010001100010111100100011111
01111000011110101000101010111101000011011110110000101110000111110100100111111000101100000111001110011100111010000110010100010111
10011011101100001010110000110111010101001110001111000000000001110100010111101010111000010110011100101110101010101111001001101101
10001010110010110000000000111111001000101011111100111100001011010011011100001100111111110100111100011010111100101000011100101000
10100110111001111100100100110011111010110000111110100100001000111010101100100001000001010100101100101100111111101001100011111001
11110100110111100110010001111101011101100001110101010100011100111110010111011001110101101101100001000011101111001110100000100111
11001010101100010001110110011111101110110010011101101011110011100001010010011001111101010010111011101001011001111110011010101000
11111001110111010010110000010110001101100101111111100001011001111100111111000000100101011100010110000111000010011000110001111010
10001000100011100110111100110110100000111010100011011010001010110011010010010011001101100011111001101110001101001101001011111110
10101011101011001101010010101000101111011111000000001100010100101111010101000001000000110111011100101001010010101100101100101101
10001101111110100101001001000001100111100101011110101101110101010001011000001100010000000110001110111010010010100101011100001101
00001011011011101100000010110101111110111011010110110110010000011100100000001011000000010000101110010111000101011100010001100010
10001010101001011110010101101101010010001110111000000111110111110100010101011111111010100001110000010101111101111001100111111100
00100010011001111111101000001010101101001100001100011001111001110111011011101001000111110110111101001111100110110111110000000011
00110101111111001001010000100110110100110010010000101010111010110011010111111001111011000010011111101011101111100011001101000101
00010110011111110111010101011111111111011100100011000001011101101011111011111101010111011101001010000001011100010010001011001100
00101100101101010100010100011001001100010001010001100001110110111100110100110111110100011101111110001110111111100010110001101111
01000000101001010011101110001100010010011011111111111010010010111100111011011101001100001001011111110011101011011001000011000101
01100000110010010110001101010111010100100001000111011000100101010111011110101110100010010110110000011101101010000010101010000001
01110011011100101110010001011011100100010111100111000010011101001001010000000000011000011100100101001001001011100000000011011111
11111010110010011101111011110101001110011110001110010000111111001001000110010011000110100100110011001100101010010110111001000110
11100000111100001111010101100010110100011101110101110010101010001101111011101000011000001111111110100001111100001101011011010001
01001111111100011010100101001000001101110101110100110000100001111001101111110110100011111101100110000100101101000111101001100001
11000010001111011000000101101011001110110101010010101000100011001101011011010100011010100000111010100100001011110100111101100011
11001001111110000110001000101110101001000011010010000000010100111101110000100110010101000010011010100011001110100011101000010011
11100010100001011111010011101011010000110100001000110100100110011111100001001010100110001000111110101001011000100110001100001010
00000000110011011001000110001001011111110011101010010001010100101000010110111100110111010000110111000010101001111100100010100100
00101001000101011001111011011010001000110101101001100011010001110010011000011110111011110100001111111010100000111001101001011011
00100100011100011010100010001001110001001010011110011110000000011001101100110011000111110110110010000001100011100100000101100001
01111100110110011101111010110010010101110001110110010111011011000010010010101011100100100010110010110000010010101110001111001000
01101100110001001011000010010111111000000111111000110010110001100101100001011100001010010110010111111000110111111100001001101110
11000011001111010010100101101011101111011010100011010100011100101000111000000010111010011001001011000001011110100100110011101101
01010000100101100010110011001110101001111111101011011101001110010111010111011101100000101111110000010100100100101011100100000000
00011001100111011011000101001110001110101100101100101100110011010001010000111010001010001000001110000000111001011011001000100011
10000111001110000001111111001011111111010101000100010000101100110011001011010011010010001100001010111001101001011100000111111011
00101110000011101011111111000000110111010000000110000001010100011101110110010110011110000111100100011011010101001011011001000001
10010000110111101000000101001000000111110011100000110010010010000111000010111010001101000111110110101110001010101001101001111111
11100011101100111100110110101100011101101100101101111011101111001010001101110010011001000000001000111101110011000111110100001001
00110001010101100010010001100100000000100100000001010111011000011010111010010001001010001101011111101110000010110101111010011000
01100000000011010101000001110101000101000100110111101101110111100011100000011101101110000000111111111010000111111010011011111110
10010101100101011111111100100011110010100111000000010001111110010010100001101101011001000000010110011000111111110000001000111011
10100110010000101000001101111110011101011000001111001000100001011001111011011110101111100110010100010011100111100101111110110111
01010110100111011010110010011100111011010000011100001000000110000111001011100100100110110100011000100100000001101011000000001010
10001011100100000011011010100111001011000110000111010000111110101011101000011111000000010110101101111101001010100100101011110001
10101111111110111011010101010100011010111101010100110010010111001111001001110111110011110111011011101001100101101011110100000010
00010100110010000001110010111111011010001111011011010101001101111111111001001111100010110001001000011110100101100011011000100110
01100010010000110101010000100110100011101011000100010000001000101000100000010010011101101101111101011100001000101011100110001101
10011101111110101011000010111110100000111000111110000111111000110110011100111110111001010111000100100100010101011110011110101111
11010100001000010001001111010011111001110100010110001001111011111101100100111011101110100010001111010101101111110100001111100110
00101110111000011011100000011111010011111000101000010001001101111010001100000100000011111110110110100101010000010011110101100001
10010011101100011011011100000110000110110011010001111010101101000101101110101011000001000101110111000100000101001100001111011110
01101001010100100001101010101111001010100101111100011000001110110110000010101100111100100101000000011011101001000101010111111011
11000110001100101000010110100001000100011010100111111111011011110011011111100100100001101100110011001111111101010110010011110000
01000101111010111101010100010010110111011000010111110100110101010111001000111010001010001100011011001001000001011111100000000110
11110011110100111000100110010011011110101000011100100000111011101110101000010011011110001101001111010111010110000001111110101001
11101011000110010010101001111101010110111010011010110111111010110110110111110110011111010000000100011010011000001111101010010101
01010110101001010100110101000010010111010110010000110010010000100111011000101101111010111011111110110010110100100001000011101010
11100100010111011100110101110111100001100111110110111111011111000100001011101100001111000110111100100000111010110100100010001001
10001110001111101011010101101111000110101001010100100011001011111100001110010000111111100011111000110000001011010010000000010111
10001111011111111010001111011010110011111111111001110101001000100110101000100001100000101101110010011010010001000110001101111101
11010011111101001000000010011100010111000000011011000101101000000101000111111001100101100010110110101000001010101000111010110001
11011111000011110110101110111010000001101011000011101110111000111000101000001000000011001011110001010000000010011000001100010110
10010011111001110000101101001011100110001101011000110100100000100110100100010010010101011100011110101110110011101001110100111101
01001101111000000100100101100011111100000110100010000010000011000110010100001101011101001000100101111010111110100100011001111010
00111110101011100000100100001101010111110010010110100011000110000001010100100010011110001100011110110111111111110101010110000110
00111000001101101000001101101111000111000101011010101001001001000110010011000011101000000100010100101110111101110011001001110000
11011010000111011011011000010001001111111000011010011001010000000011110111110100100100101101000010001110000101011111101011101001
11010000100001101011010111000001111011000000100010110111111110110011110010011111110101111111111111111101000001010001011110010001
01010010100110010110000000001010011100010100000010000111001111001001010101000110111000010001101110001001100101001111010000010101
10010100101111000100100000100101110111110110011111000110001110010101010111110111111100000101110011111110001101110100100010000000
00110110000101111011101010101111101101011101011110101011010001111011110001011100011100001110100010011011001101011010000010101100
01001101010110001000001000010010010011110000010100100101111111000010101011111100101100111001001101000000010101110101110111001100
00001101010000101011101111110010011001100011111000100101111010001000110110110100101100110110100110001110101101111000010110000101
10101001101000011110111110100101001011011100110110110010011111010011010010000101111111011001110110111011100110110000011001100111
11110001100101110010110001000010110001100110011111111110000001100111111010101101101001010000100111001001110110000000011000011100
00111110110101100001100001100011111101111111000000100101100100010111011010011010110010111001001010110011011001001001001111001111
00000011101000010110010101110011010101011010100000001111110101001100010000000011100001001010000111110001011010010101101110101000
10011011001101001000001111011100011111100001001001111101111011011011011100000011101100010101010110101100110100100100000101010110
11001011011100010010001000100010111001010011100101100001011100011100111010100000001001100100101000110100000111010001000010100010
01101111101110001000011011110010101110000001100001110100100110100101011110000111011000111011100011100111111110000101100001110010
00000010001011001111011101111000101100001001100101001001001100000011110011111000011011011000001110100110000010010110111000101101
00011001010111001000000001101011010011111111111010100101100000010111000100000001010011101001101101101011011001000101010110011111
00010010001011001011001100001100001101010100011000001101100010101011100100001111100100111111111101101110010010111101100100001100
11111001001011000101011001001000000100100111110011011001001011000011011011001100001100000101110101110001011000010011010001110010
00001101001001111110111011100011001101001000001001100101011101111010110111000001101010100100000001110011110111101001100100101111
00110011010000010110000101010111010001000011010001101101011010000000111011101011100100111111110011011111010111111111000000110010
11010100110000010101001001111001000000010010101011011111000111111010110001000011010110101010101001110001010011010010010110100001
01001010011110111010111100001010101000111101010101010000110100000110011111101100000101111101001010100100110111001111101110000011
01011101110110111011100001110101000110110000011000101101110011110011101010110010100011001100011001110101101100011000001101111100
01101010110000111000010010101110101000000001100110110001110011101000100011111110111111110000010001001110010111100010011011001101
10010111001011101000100001001001100000101101110100010100011001101010111101001010010000011100100101010011100010011100100100111101
00001001011001010001111111011000000101101000101011010011000000100111111101011100010010010101110001001010011110111101110100110001
11100011101001011000000010011111100011011100110000110000110010110101010101010001110101010110111010000000000110110000111111010000
00100111110101001100101111110100001000110110101001111010011111001110110110111101000011111101000010110011001100011001000111101011
00101011101100110110100000110010101011111000110100100111001100100101000010110110111111000100111110111111000101001111101101100101
10000110000001100010100100100110000101111001111000011100000010111101110010000011011010011100111101111011100110100110010000010001
10010110101101100111001010011101100001110111001000011010011000110001111000111101101111101101011100111001111110110100110010010010
00011001010011110100100011010001111001001010000101011110010001100010011101100111010100100001000010000010010010101111110110101000
00111010001101000110110101001000101001100001011101111101010010110010100010100100000011000001011001001001000001001111010100111010
10010111110111110011111110011100001000011101010100010000011010001000001100101110111000010100101101011010110010101001111011010101
11001001010101000001011010011111010110110000100001100001111110001110111100000100100100110011100101111011001000011000101100000001
11000100010000111000000100000100111010110101101111110011111011011011000111100000010101100001001011100101110001100100001000011010
01111000101010001110100010001011100100111000011111110011100001100011011110001111010011001001101010101001101010011000101101111111
11111000111001011111000101111110111101011000111100110100100011101011101001000101110001101110101010010100110010110001001101010000
01100110010100100000001101011011110111111101001111100100101110001100110001101000001010001010101110011110000110001001000000111000
10111000100011110001100000001011001010000101010110000100011010110010110010100000110001000101011001011000110101111010110000100010
10011001011111100110001111111001000101011100110111110111010101100100001101001110101100010000010000100111111010000000110010011111
10110011011111111100011011100101000011010100101110110000001011101110001100000000011101100001000000000011001110011111110000001001
11010100010011110010111000000101001000010111010111100101010000011110000001000110111110101010010110000001111111011010111000000001
10000000000001110100100011101010000000101110111010111000100010111111001101111110110101100110011001011100100001011011111100101100
10100001110100111001101111110001011001101101000100001010000011110010111010011111100100010000000011111001000011000001100101000011
10101100101111001111011010111001100100001010000010001000001011010001010000111001100000110001010010101100001001011100011010101001
10000110100111110001110111000111101100101011100010001001011101010010011101101101000100011111011000110011111111101110001010001100
10101111001111001001110100001111000010101111100111011110100101110000000010101001111101110001111000010101001110010001111110001000
01010101101101101101111010110010100000110101001010000111011000011100010110111000110101110100101001100101001001011011101100001000
01101111001010010110010010100111001000000000100110110101111001000010011010000010001011110111001110100110000001101001000001101011
10001001010111100010000111111111111010000110111011101001001100001000100011010100101111011111101000000111010000000010001001010000
00001011100000001001011111001010111111010100111110110101010010100111001001010100000001011111100010011110110100000010000011011011
01101101011110000110010100110100110011111011010001000110100101001010100111101111001010111100001110000000100000111001011010000000
10000010011100010010010101110101110110011100001010001110000101111011011110100101110001011010111100100110110101100110110011000110
11011101001000011110100000111111110000101101001001000011011011101110111011111001010011110011011111101000011111111110001010011010
11110101101011110010100010110100111010100111101010101011000011000000101110110011111111011100110111111001110101010111110000111100
11111000110111010100110011011001100100011000111000010000000101101100111011011100011010101110110000111000000011001001011100000101
01011101101001111011011111000001111010111100101111101101011011100001100011111100110110001100110100000011100101011010101101101100
01111011110000010010000111100001101101000100001101011110010001010010000110110101001011010010001101100001010111001010010111110000
11101110111011111101110110011110111011110101101001000111100111111000001011011100011111111111100110001111011001111010100110000101
00001000100110000111010111011111010010000010101010010110011110110100110111011101000111001010101010101111111101101000100100101011
01110000011000101101010001001010110000001111100111001110111010100101100101100010000000100110010101100100111000100010110000000011
00111000000011111001101010101110001011111111011010101001001100101011100000101000101000000110110110011011101010110101010000001000
11110100001001100100111101001100010110100101010000101101011010010110111010101000101001010000110011010010010000010111001010110110
10010100010011110101001001100101011111101110000100011001101111101100101101001011111100001011001111101111100111010001011101101110
00010110001011011111100100111111111010000010001100110100111000101100111101010111011110000010101001000000110111100011100100000011
00111101010100010101000010100110101000111110110010101011110111101111101101011000011001101001111100000000010111100111001001110100
01111110001111001101101100100110001011010000110011001011110010110101011010110001111100101111110100001101100111111001101111110001
11011000111000010110100110011110010111100011010110110101101010101010110001111010100101010000110111000000000000001011011100000011
00111100111000011011101100011101111100011001110011111110010110001011001100001011011101000011111111010111111110010010010100110111
01010011100101010010010110010100010111100110000111101100000100100101110000110111011010100010011111000111111110110001001101110111
01001010100110101010000000000100110010010111010101100100000000000101010101000111010010111011101111001111101101110110011000001110
00011010001001011010010111001111010000110011110010101101110101011000110100100011000101000111010110100001110000100000100010100000
00111110110001000000011010001011111110110001101111001101011100111001110000011111100000001100100001010000110101000110001111110010
11100100100110101001110010100101011010010100100001100000011011000010110111000001010010111011010010001111111100011100011101100010
10000110110110111110010011110001100111011100001010101001001110100001010100010110000100000001101111110001011010000001110011100101
11010101101010011000011100000001001100100111001100011110011101111111001110100011100000111100011001110001000101100111010111100111
10101100000101010100000101100010101101111101001000111101011101100011100010101011010000011011010001001101111100101100010011001101
00001101001110010010111010111100001111101111000001001100111100110101110011110111001100101100001110110100101000000001101011010000
11101101111111000011100101001100010101111011111010110100000101000110010011001100101010001110111010110011001111101110100010011111
11110001000011110110000000000010011101010110000110010011100101010001001110000000000001011110111001110001011100011010111110111000
10011001110100100001111101010000000101101011011010010001010110111110010010100001011010110100101011011100010100110001001000010111
10000010111000000101000100001101011001110101010010011100000110000110011001001111001001010010000101111001110010000110111100001101
11001101001111000001001100110011001001100010110011110100101110110000010101011010010001001010000000100000100001101111111001111000
00111010010011010111001101110101010001110010000100000001101100111110110110000100000100001111000010110111110001001101011000000100
10010100001111111110110010111011111100111001111000000101111110001100001010000000010100011001010110001000101011100001101110010110
11101011110000110110011101010011000000000011101011111010111100101000110011111011001111111100101100000010111011100111011001010001
11000000011100010111110101100100111101111110001000110100101011000101111010001110001001110100111110101010010001001100011010101000
00110110111100011001000000111110010001100010001001010011110100001011011000001001001011101011110100000010010110111111101011100011
00101111010111110001000001100011000001000101011000100000110110111101100011101000111110011100011101000100010010001110101111101101
10001111100101010001111100100011111110110110100010111011011011100100111010100010101010111101101100000001100110111100011110101010
00000101000100011110100111010111110000111001100100011011010100110000101100011101011011101110010011010101111010100111011011011010
01100101110010011000011101100000001100101111101011100011011001010100010001001100110010111001100010110110100101111011011011010010
10000011110011010011101100111111110100111101001110000001010111100111101100010111101101010001101111101000100000000101001111111001
11011111011010000000111001100001101101011010101001101000111111000100100000110100011000100101111100000111000001101010100010000111
00110011010010001100010010111101110011001101100110111100011000000111111001111111111000110001111010111100011110011101110110010111
01100010101111001011000110011101100000011101110101011111001000011111010001001101011001100011101100000010110011001101110010011000
10011011100011101111110101001000011111101110011100011010100001010110010110000010101110110110011001101001100101110101010000110010
10001100011001111010011111101110110111101101101001001111111111000101010101011011001011000011100111010001111111001101011011010010
11000010100011111000100101111110000011100111010101100010000010100110010101110101110000000011010110100000111100011100100101100011
11001100110110001100111110001011001100101111111101001001101101101011011101010100010010010001111010000101000111111100001100100011
01000100010010101001111110000000100000101001110100011100110100000011011111111111110101111111110011011110011110101010101001000101
11100011110010010101010010100010110000000010111101111010111010001000110001001000111011100000110000110100110001100101010101000001
01001101011100110010111010001111000100011101110010001001110111101010001001100001010100011111111100011010111110100100000001111110
00100110010010111011100110100100111111001110010100111101111010100011101010110001101011111101000010000111110110101011001111001110
11111011110001110011000111101011011110011110100111101100000001110100101100100001101011001110110001100111100011011100100101000111
11011111101001001111010011101000011110111110000010101101100010000011000111100011011000101011110101000100110100011000001110101111
00010001101001101110100000101110000010101111000011101100000011001000001100010011000011001100101101100101101111111010111101110000
11110001111101001100111010000111111100001111011011100000101111110011010000010010111101010101101000001000011111001000111000000110
00111111011011111010111011000101101011110101001000110000110100001101010110010001100110110010101101110010010101001110000001001011
00110001001110100010001011111111111110110100011101010101000100111000001101010110110101011001110011100100010011010001000100000001
10100011110110110000100001010100100111011101001010100110101011010000010011110110000010101101010000000001011011010101111110011101
00110101101110100100100001110000111000011000110011110001101000010111100011100001111001110111001000111011010010101011000010101110
01000110100101010001110111001101100000011111101011010101101001101110000100010010111000001010010011110110110110100110011001000110
01110011000000111010011100111110110001001000000010010001110000111001110111100110100110001101101000000010010010000000110110001100
10000001110001111100101100010101111110010110110000110010100000111100010101110110001011110001011110010100001101001011001000101001
10010111110011101011111110110001100000110011011010110100001101000111111000010110010101011000101000110000001000000000110100110100
11111100101011011110001010100110010100100101100000101101110010110010011010001101110001100111011100000111010100100010111011001011
10001010110110101011001011111100011011010111011110010000001110101011010000110111111100111001011001101001010101100000001010010100
10111010000000100010001000111001000110011101011000110110011011000101010110011000010010110000011100100100010010100001110000001001
11011010001110101001001000001001010101110010001010100011101010010101100000011001011000010011100111110010111001001110010110000101
11100000010110011101100100100011111011101001010001111000011010111100100100000011011100010110110111100011101110011110100001010001
00100110001000000110001100110111100011110010111000101111000111001000100011100010111011101111000011011111000001110101110000111101
00111110111100010000000100011111001101111101101100010011110111000000001001101011000011010101000000111111000010101011011100101101
11110000101010110011100011011101000111000000101000100100000001011101110110001100000100000001001001101100100000111101001110010100
11111100110110011011110011001101110010100110000001010101111110110010001111110100101010010001100111111111111111101001011101011101
11111000110010011000101001101111101001101000010100111110010010010111101001111010011111100000011010100100000010100000110011100100
11000110011100101000110001100100110010011111101000011101111111101111000001010110000011010000100100111010110111001110110100010101
11100001001101110100110100101110110111110100001000101001110011000000000101000000101000011111001011101101010011000110111101110111
01100001000001101110001010110011000001101110111001111101011101111110011000100110010101000100111100101100100010111011100101000110
01001011100011010001111010101110101001001110100110011111111001101101111011100001000010011011111110101010001001111000000111100100
01111001100011011111100011100010110110001010011011101001000001111100011100110010001111011001010001100000011100101000111110000101
01000011011011010101001011001101000010000101100000110100011111110111010001101010010010011100100011101110000100001111001110110011
10001111000101101101001110110101010000010111001110101010011110001111011111001001011111100101101100011000011011000100000001110111
10100011001001001000000111000101000001101101111100100101111110111101101011011110111101101111000111110001000010000100111100010100
01011011101101001010100110100100000110001001101000011000110000101010001000000111001101101001101100001010111101110100110011001010
10010011110000101111000010101100110101000011010111011000000111101110110111010110100110101001101101011011101111111011001011000111
11111001100011111000001000011101111011110111110101101110111011010111111101000111110000111010010110101011100010100010110101011000
01111010101100001000111111010011100001111011011110110011000001111111111111110000001100101000000100110101000011010011100001111110
11010111110001010010010001110000101101100110100010000001101001000100001010000001011101100011101001111100000100011000111000100001
00000110001010110110100000111010111001011011011110101100101011000011010011111001111011010011111011001001010110110100100101101111
00011010000010010101111001110111010011001011001000010001000100011000010000100010000010110000100101011100001110111010001111110010
00100011111001000011000011000011111011010010000011001100110100110100101100111010101100100010101001010101110000010011011101100111
00111010100000100111100111111101111100010000110110010010001101100001010000101010001100101000000101000000101111110110001100011101
10011011011101111100100101001110100111101001001101100001100100100001100110100010111101011111010001001011100111000000001000001001
10001100010011001110011001010001011101101010110010111011110000000100010011111000000011010101101100101010000000111011000000110100
00101101101100110100100000010010110010010011100111111000000011111010001111111000100010001101110110110001010101111111100101001010
11101011011010000110110100001110001101111110110111000000111101101110101011110000001001000001010111010001110001011010011010101001
11000011001001010111100101111011111110010001001011101000100010011001011100101101011011110000110011001100111111010101111010010100
01011100011010011101001001101010011000111111000011100001001001110000110110010110010101110001101000101110111000001111001010111100
00000101011010000001001111010111101111100001001100011000010010100100101001111111111010101111111101110001101011001000100110110001
11100100111010101110111010010001001100111011100111011110010000111111001001110101111101101101001011011111010010000101111000011001
01111000110100101101001001010101101011010000110001011000101010101010100101111011001000101101000001110110010011011100111111001000
01110100101110010000110110111001000001001001001011110100001101000011001011011101110101100000011101111111101000011111110111101110
10100111010100101110100110100111010001100010011100010010111101111001110101100101010010001010010110000010100101010001001000100110
10100110011101110000001110101110111000011000101110011101110100011110100101000101011101000011001110010010010001110111101100010100
11011001100101110000010011101010101100111100110101101010100100110111001011010100010000101101010101111000011110111100010000000011
10100010111001101000110111010000101001011100101110000010101111111100010100000111011001110010101110111110010011101010010110010101
01011101100011000100001010101010010011011110001101100110010010001011101001010110110101110000100110111100001010101101001000100011
01001100100011011110111100001011101001001110000001000110010101110000100011000001000110100000011000010001110101000100001111101110
10001011110000101100111111101001010001010001011111101001111101000110000000010100110010101001001110110110100100100100000001100111
00000000100100010110111000111101100011001111111011100110010100001100011000001100110111011100110001011111101001011001001101010100
00011110001110000100001110111010100000010110000000101100111000111110011100110000110001001001001111000101001000011101010000100111
10001100111100110011100110111101011101000001100110000000111010110010011111000011100000001010111101111100001111110100010000111100
00011111010010001100001111000111100010101110111001111111010100100111111100010011101001101100101010010011010010100111011111000001
01000101011100011101001111101100101110000000101101000010011011000110011110011011011111110101111011000100000000010111001000111101
10101101010111111001111001001000101111111110000111100000001100010100001010101111111001000110101100000110111011100001001001000000
01111110101001100110010111001101010101011101011010101000001011000111101001000100100111101000000001010010110001000101011100110001
00011001011011010000000101011100010100011110100000011001000111011100111111010000011110010011011110011000001111100011100011001000
10101101000110011100001010111001100100110001010010011001001001110000010001100111000110101001101100001010111110111110001111111001
11111010110010001011000101111110101111010001011010001111001010100100111111101000111001001100011011000110010011111011100010100001
01101001100100110111101000100000101110110100101111000100110101100111101010100010010110100110100101000000011011000001110010111000
00110011100001010111011100101010000001000110110111100100111100010110110011010010010000000110010101111010100011001000000011001010
10010101110111001001111001011001110100100100100110111001101101000010010100101110110110101000001101001000001011111111111010010001
00010000101101001000001100001101100000101110110011110011001010100101110110010110100011011111101111111010110110000000110010101101
11100101111001111011000010000100101011010110001101100111111101110110110011100110100010001010000100011011101110101111010110110110
11111111100001101010110111010001011011101110001010111110001000000111011010100111001011010100101110001100011101101101111000001101
10001111011110010001111111101111001101101100010000011110001001111000101101011111001001000110001101100110100100000111000000101110
01010101011101100110011011010011011101000111111100000011010011110111010100110101001111101001001000001110111010110010000000111011
11010101110111110010010101100011100101111100001111001100000100101011100110110000101101011111010001101111001110010110010100011101
11011111100000011111010010001101110011001000010111001010100011101010001110010101110110011100111000100111010111011000101010000111
01100011100000100110001111100011100001000111100010110100011001001101110010001110100111011101101110010011010110001110001111000011
00010111100100100001110001001111010110100100000000010011101100011010001011100010100010010100001111100101100011110111000000011100
01010110101100001010110001111000001111000001110100100001010001110000010001001010001111111100000011001010111110111101010100100100
10101111101101101111101101011000110111001101001101101100100010110101010010100010111001111110111100110101000110111011010000100010
01100110001110111000111111100001010110001111010001000000111011101001010010000110110100110011010111010011001000001010110000110000
01000100111001111010100100000110001011011100111010100110101110110001000000110001101100001011101101100100101011110110101000110101
10001111101110111100010001011010001110011111110000111011111000111001110011111101110110110000001101010100011111100111000000100011
11000000010010000000100011001100111010110001101111001111000110110101111101010111111110110111100011101010010101101100010100001111
01100000001001000100110010101010100000000001010100110011010110000100100001001010011100101101010110010010110101101011111001000101
11001110111110110000011111101011111011001001010000000101111111000111100010111010000100001001000011010111101111101101111111000010
00011111010010111010110001110000100101011010110111100111010110001000100110001110100110000001010011100010010110110010110110000001
00010100000110001010001011111001101100011010111010011010000110011000010001101111111101000100011011101001110101101000001101110101
01001001010100010100101101110001110010101001111001010111110111011100110101100101101010111000110011111010010010001000000100101011
11011000100011001000001100110010110011000011111001001110111010111000011110011100110000110011100100101111111100010100111111101100
00011001000101110111011111001001000101111101010011110010000101101111001011001000000011000011101000000111111000010111111010011001
10110011100111010000000100010011000000100110000100011000110011100111111011000001011100000100001110111001111100101001001111111110
00111000000111111101000001101101110100001011010111110100100101111000110101001001011010111000100000010100001001111000110100111000
01100011011010000010011001101001000100001111101001111100111110001100101011000010100110000110001101001111010010000010001011011011
01111101001111000011010011100001000111010010010101011100010000000000000110100000111110110011011001011010001011101110000010000110
11101111000001101100000011011000101010101000011000111100000001111010101110000100011011111010000011110110001111010111110011101101
00110000100101101101011111011100001001100111110010000000111101100011111010101010110100010111100100101101010011011010000110110001
10010001100110101111110110111111110101111101000001000000001000101100011111110001000110111000101010001000010001000000111110111110
01010001110111001100000001011000011111101011111100000000100100011111111011000000111111000101000100001000101000101011001111100001
01001001101100001000010111010001111101111001100010010110000111111100001001110101110100100000001110010110110111111100100110111111
00111100100001011010110001001001101010010111110010110101001010111011011111100100100110100000010111110101100100101000011001101100
00111100011110010000101000100001111000111100111001000010110101000010100000111000100010110110001010111001100101111001111000111100
01101100110001110001001110111101100110011100101011010101101001100111011011100111101011111101011101111110011101010100101111000100
11111010001110010010001110101010111111110101010000100010010101100111111000000010011100110010011000000111000100101000100001000101
11001100111000011001110010011111000010100011010010100010111010001100111010011011101011011101101100011001110101111110100110111100
00011000000010000111110011101110010000011010011011100011110011100111001011101110001111100110011010100000101000111010011100010111
00100010001100110000110001101110000111010010001111111101001100100000010100001010010001010000011100101110011000101101001011001100
11111101101110110110011011101001111011011011001001100100001111101110111100101010101001101101100001000111111111011100110010010110
11101011000011101110010111111110111100010101101110001110001011100100111001101010111000011001100011001010100101110100110010011001
00010001011101000101001011011011111000101101101000110100010001101010001000111011000110100101100100010100011100010110111001011101
11110110001010101001111000101000111000100100011100011001101111101011010110111010001111100001001010011000011110111000000000110101
00001110110000100100110111100001010111000011111111001101001111010100011111011101110011110100110110001101001110011001101101001101
01001010101100111110001011101101000101010110001100010010001101111011001010110010111000101001010001101001010010011000010011101111
11110011100011001100101110000100010000100000111000001010100101101000000001000001100010000001110011110001011101110111010100011000
00001101001010000000011000111010000111010111110110000101111100111000010100011000110100101111111010011001010011100001111000100111
00001011110111110010001001000111110011100111101001111011000111010101110101010111001110010100100010011111011100011100010101001111
00101001110010101111001011011110110011001010000000010100100000000100000110110110100111100111110011101100111001010110100010010101
01010011101011001001110010011100101001010111010111111001110001110100001010111111010110011110111100011110110110111010100101011100
01111101100101010001000100001100110100100100011000110101010000111110100110111001111011111010100001100000010101001100010001101000
10000001100011111010110100101010100011110110010001111111001101001100101100001010110111101101100100011001100011111111010111010000
10111010110110011010000000111111110101110011000010100101101110010100000110110100111000101111100000010110000101000010011010101111
00010101000100101011100111011000000010001100111110111101011111101011111101000011100111110100010000100011100100000011110110001111
00011011100110000000000101110001101101111100011101000101111101100010100000010111001010001100010110101001100101101011011010000101
00100111110000010000011110110110100111000100011000111001000011010101011110101101110101100101001110000011101001001110001010101010
01100111110001001111111000010100110111011011000000010111001111101001010100100010001000010110110011110001000101011001111101011000
01110110101010110011110000001011010010010100010100000101001000010001101010001001100011001011010100000001110110111011101101011001
11110100111000011111011000000011100101010111011001110011010000000010111110101000110000110001101001101101110001010000010110011010
10100100101010001010000011111000100100111110101010001001000000101111100000110101100010001110001100111111110111100110100000100100
10001010110101111011111100001001000000100001101111001110011101101110011110010101110111100101110011000001111111010001011011101010
11010001011111101000111111000111000011000010011010110111110101000110000111011110100011101011111011010010101001111110101100000001
01001111000000100101100110101011111110100100010100110111111100111011100110000010010111110001110010001110100100000000101101110010
10111000011010000110010111111000111101011010101101100101110101011101111001001111100111011011001111000000110111010111110011011101
10101100011101011001100110000011111010110101010010100011111101111100011100111110001010100000111111010100000001010010011011000001
00101011001111111000000010010111111010110010110000100100011010100100000111100110100111110001001001101000001001110101000111100011
10010001100110011001110100100110011101111101011010100101100100111011011101111010001011110100111001011000101111101111111011100111
01110011001100101111111001101010101101101000001111000100100000001101000101001101001111100010100010010111100001011010111101000001
00111010111010101101000110100000010111000010110001101001111110111110111000101010000100110101000110111001011001001100010001000011
01100001100011010101101111010100111111111010100100001001101110010110100100111111110011110111111000101011101110010111101010100100
11010100100000110100100001001001011101000110111000110110101010101110000101001110010011100010011000000101110110011111101011110101
10000000111101011011000011111111011001011111011111000100001001110001011000100001110011011011100110101101101010000010101111010000
10111010110110111001100101011110000100000010010000111111010001111110000100001110100100001100110011010100100111100000100101001101
10001100011111000010011101011010011011101110011001010100110101011101101111110100010111110000010101101011010000001000001111100000
10000010100101110010111010100100111011110010000100000011000110010000001000000010001010110110010000101011101110001110011001110001
01101001100001101000110110101001100010100110110111001011101111001111110010100010100110010001101111111101101110110101011000000101
10110100101101111011010100110100111010001010101111000000001011001110011110110001000101000101111110001011100000000010001001101101
10001011000110010110001110111000101101101010110100111000101110110110001111001100100100001110011110011100101110100011010000100001
10001100001101000111011010101101101000111110111011110000001101011000100010110000110101100010011010110100111110110100011001101100
11110011100101100110100010101101011010100101100001001101101100001111110001111000101010010000101011101101110011100001110110011110
00100011110001001101110110101100110001111111011011011001000001100100110110010000001111001011001111100110000110101000100010001100
10111111001010111111100010111100001000111001101100101000011111001101101010110101001010111010101100110001010000111101110000010111
01010100010000010101010011000011111001101000110101011000101111111001101000010100010110100100101000001000101000010100010011110000
00000001011001111001100100100110010101001101010101110010000001000001111111001001011000000000110001000011111110001011011100001011
00001100000010110001100000010000001011000100000000101101011011101010010011110110000001111110010111111111011000000111110001101111
01011000011011101101001100010100001100001010010001100101011011010000101001110111110011000100000000111100111110011100000111011110
00011010001110111000001111011000111000001011101001100101011001010000000010111110100110001100010110100000110010110001100010001000
01001000111000001100011000111011100000110011101000100000001000100011100000001000000110110010100101001010110011110101110000001001
11001000101100011110010011100100010101100111110010010110000011111010101011110001101010011000100101000010000110111100011101010011
01101001100110001010111111111110100110001101000001111010011111100011000110101100001010100101100001100101110000011000101110010111
01110010110000111111010101011100111010001010110011001100111100001011000001000110101001000110011100011110000101000011100100001011
11100100100101000101001110010110111011001111111011010011011011011111010010010110100111011110110000110110000100100100111011110011
11101110100111110011010010110101110010001010000101001000011000101001001011001101110111111101010011010111001100001110010011000011
01101000110101100100010100101101101100110111001000101100011010001111101000001111100000101101110000110101110011010111000111000100
10111110110011100000110101101110101111111101110010100101100000100100000000101001101111111011110110101101010000101101011000001011
10110010010010011100010100110101011100100010000110000111010010111110111011111100011010001001010101011101000001010100101101110111
00111011110011001000001110001111100110110011110001010110001000110110000111111001001111011110001100010111010011111001111010111011
01011101010111100011100100000011101111100101111011010111101110000101011010111101001010010101111101010010001111111011101011000111
01001101101110000011000111100100010010001001010110111100010101001100101010011000110001110110010010110101001011000110010011110000
101111110000