00001010001101001110110011111011110001100011010100011101111000010011000000000010001101011111101111000010010110100000110111000001
10000101010111101100101101110111100100110111011101110111110110001001001000011110010010100111000101110000010011110010111011011101
01011000100010011011011000011010111101001000111010111011110111000011000001001011010000110100010101001101001010001000100111010100
11111111011111011110111101111000000100111010111101011001111010111110000000001100100010011101011010101011101001001001110111001010
00001001001010100110001001101111010001010000101100001000010100101110010010100111010110000111000000000011010111111101001110111000
11001011101001000100010001111111000001110000100100010010011011001100111100000011110001011100000100010101100111010101100000110100
00001111001010000010000110000110111110100011110101111000010111001000011001011100100000000001110101000010110110011100100101110010
11010110011110100100000000011100110111011100000110001010000101011011011101010001100010010101110010000101100010001011110010000010
10100011100000001001011000110110000010000011101110000001101101101010001100101011001001010100110101111111010110010010001001110001
01001110001101110111100100010010010101011111101110111011001111100011100111110000111010011001101001100111001110110000100101110010
10100100011000110000100010011100010011110101111100111001010110110101011111000010111111101001000011111001101101100111101100011111
00011100001000100010011011111001010111110100011011110100011111111100110010010010101010011010110000100000111100100011010111110000
00111111100010010000011001010110110110000000001111101000110100000001010100110110110100110010111101011000101100010011001100000011
01000101011101000010011001101100010111110100101010000101110100111101001000111100110000011011010111110001010010101101010000101001
01011111001010001000010010011011101000001101111010101000110111111011111000011110110010010011001010110100100100010000110101001000
11110100110001010000011001110001011100010001010100110011111010001000001010100110110100110011111110010011111101110111111111111111
11001101000101101010101101110101010011000010101001110000110110110011010011101011000011110101001001011001101000001001011000011011
00111111111010011011110011011101100111001000101110101001100011100111010111011111001000101000111101001100001101111100011011001010
11101110110101010101101001011100000001100000000110011000100100101100010000010110110100000100100101110000011011101111001101000000
10111010100011101111011110111111011010101000010011100110011001001000101010110010100010000100101001100100010111010000011011100000
00011011111010101001000011111011011011100111011111011110110110010101111100011110111110111111001100011000000111111100101111011000
11111110001100001011110100100101001000010011111100010001011010011111100010110001000111000100110101011100100011111110011001010010
10101000011011100110011101110111001011101110011000001000111100110110011110000100000001100100010011100010011110000100110100010010
01011010001010111110101110100110011010000011100111010011100011011011011000001100001110100000101100110000001010011101101000010011
01001010111011001110001110010001001110110111000100001010011111000111101001010000100011011100000100010011100001001110000000100100
10100110110011110100101111000000101111010011111111011000000101001100101101111001001010111011101101011011000000101010110010111100
00101101000010000100011100110000011000000001101001000010101010001001111101011010011110111110110011110110110010100100100011100111
11100011011001111101101100110111100101001100111011000111100010100111000111000000001010001001111111011110000001100111000111011100
00001000100001000110100110111000011101001110100100001100001011111011010101000110011011000101101101100111001101011000000101111111
00011101001001111111000000001110011011100010111011001011101010100111001100000010111111111111001001100001110000010001011011011010
10100000100000001000011010001001010110001010100101010000100010011010000111011000011001101010000000111100000110110110001111101001
01100000111000100001101011001011110011000100000000011101101000110100001001111110011100001111100101010010010101000111100011100001
11001001001100101110001111010000000101110111000100011101000001110010010110100101100101110011010100011011100001011100010001100101
10100111100000011101000010110001101101110101011101111110011110110111100111001111011000110010101000000111110001000110010010100011
11111001000101011100101001011110011101110100110011001100000011011110000010011000011110111100100101111100001110011001000101011101
01000101010000011011111010101010000101111001010010111011100010110111001110101000010110110101001001000100011001100010100000000001
10110110000001000000100100110001100100101111010001111011100101011000111001101000000010000111101001111000000101011001110011111011
11000010111101110111010010001100100011100000000110101010101101110001010101010100010110000000111101000100010010000000000110011010
11000111000000010010111011110010110001000000100110010110110011110100001100100100101101111110001011100100111011011011000100000101
00001111111001100101001000010001010110100100001001111010111101001001101101000111000000001110000011011000111111111100010100010100
10001110011110011001001000000100010100110110111111111011010111011111100011110001100010000110110111011100101001001000000011111100
11100111110101010110011111001100010000100011001111001001000101100000111111111011100110011011000000100110100111000100011010011011
01000101000011000011100000010100001001000100101011101000011101000100010111100001011100000000000010101111010010000001111101111001
11101010011110110010010111110001011101001001110001001001000110111010000101000010000100100000100001100010000100001010110000010011
00001011110110101100110000000010011011101011000101111010100011111001100011100110000100101001001101010010000000011010000110011100
01000000110010011010010011100010111011010110000001010110010101001000111010001001101110011000111011111101101110100000010000111101
01101110010111100111101100101111111111110100111001101011011010011000111111001011110101110101001000101001101011000000011100111111
00010100101001100011010101011100000001100000000011000111010110111000100101000101100010001101100110011000010110111001111100000101
10100101001010100000110011111100001011000001100010111010111000110010000110001010101011100111101100000100001000010001001100100010
11011101010011000101110000110111011011011110100011110100100011111011010100011101001000010111111110010011010000001110101000000000
00011101101110101101000001111000101100110011011111001011010110111100101010011001000000110010011010011000101011100000101101101001
11011001000100111111011111100101101000011001101100000011011011111110001100100101010010110101011011001000110011111001000100011001
11000100001010111111100001100110010001000101111001011101001011001001000110010111010100000111010101011111101111000101101111100110
10001011011011001111011110001111000100111000000100111010010001010000100010101000000111010000001100111011000011110101001000100000
01110111100010011101100010001110010011000001110101110001000010000010110111010001010110101101000011110010100111101101101011001110
00001011111000001110000010110011110110010111100101111010011001000101111001111011011100000111101111011110111101110100010011101111
11010000001011111110000110100011000000110000111110000010110010011111000010110000000001101010011000110010110111011011000111010110
01101001011010001110110111010110111001010000101000101111110100000010101101101111101101001111010010100001110111110000101101000101
11100001100000110001000101100110111100111110100011000111110100101001001110101110001010100111100100110010110101101111110011100001
00000001010011111000011110101111010101101000010110000101001101000111011010101011110111100110010000010110011101011100000111011110
00101110001001101001100101010011110101101101011100001000100111000010100010001100001110000111001100011010111011000100101000110011
11001001011011110100101111101101100001001011111000000001111111000001000010111100000001011110010001110100110000001001111110001000
10001000011100110110001010101101100001111011100001001010101101000111011011000000001010011011100101001100110000000001001100001011
11011110111111101110110011000010100100111001001011111011101101000011001100111100111010011100110100100100101010000001110000100000
11101110011001110000101101011100000110101101011000000010001001100110010101110100100101110101101010111000011011111000110111010000
10101010001110000010110101011100101001000000101010100000101010100010100001000100011000100100110110110111100000100111110100001111
00110110110010001011000100100100111001111111001100101010011100101111110000000001101101111101111111001100001000101101010010010101
10011111001010101101001101011000000010001011110011010101011011110000000100111100111011000100001001101010000010111101100101110100
10110101101100100001011111111111111011001101110011001000110000011100110101100100101110001000011100000110101100011111011100010010
11101101100101110111110011001100110100000000111110111101011001111101100011010110011011110010001111010000001000100111011000101000
11110011110101001010111110100001111110001010011111001000001111010100101111010010000110010000111111110000011011101011111000010000
00110011010000100100011010001111001001010110011101010111111101100011001100100110101000110001000101011101011001011111010000110000
11110101011000010100011010001100111011010000100101010111001000011111101011101111001001001011101000011011100000101110000110001010
01000101001111111111101010010010011010110101011000100111010001001001001110001110010110001010011101100110101001000011110100110100
10101001100110011011100111101001111001001001100011110101011110110101101100100010110001100100111011110010001010100011100000100100
00000000101000101000111110100001011010110000110010010001010100010011110000110100001100000101100100110101010110101000111011011100
00010011000100111000011110001111010011011010010011110100110100011101101100010010100000011101101110010110001001011101110011011001
00001000010101000000111010100001101000000100100000101100010010111111110011001110111100010001011110010001000100001001001011100010
11001101001101111110000100110011010101010110011010100110101010001010010111110111000010011011011001010100100010001000101110011110
10110101000111101000001001111111010010100100001000000100100110101100100001000010111110010010010010010000000000000011001011100110
11010011010010000011111011011101001001101110001100101011110111111101111100011000001110110011110111110101101100101011010001100010
01011111000001000100001011100101110101001000001000010001000000111110101111110001001000110011100111101101001000111000101010101110
00000011110100000110110011001011110011011010101101111010010000011011100011100111110100110010110001100011011000111010100101110101
11000110011011100001110001111010001001010010011001111011010001001101110010101010110000001000101011101000001110100011110010011000
00000100001011111010001010110001110000000110110011101010101110100100000101001001101010100000110101011111000110101110000000111110
00011000010101110101000010110100101000011100011010100000100010011000110100011011001111111100100101010110111001100010101010011010
00000111110010000010101110000011001100000001010110100000010110001100001101111001111010001100101000101001111001000000101111000110
00011011001110000000001101111011000011000001010001000100000000000001111101111010000000001010001000110011000100111100100010010100
10011001111110100110110000101100110111010011000011011010101111101101101001000110000101010110010111000100111000110000100010101000
00111100001110010010011010000100100100001011110011010001100100110011010100111001010001001111100001001010010101101000010100001010
11100100101000011100001000110110101100111010011010100110001011010101010111010110111011001110111010010100110001101101011101011111
00011010101001000101011011110010001010010110110101011111000100100010010100110111101010101101111011100011111000111001100111110111
11010010011001001101101001011110001011100101111011000110010000100101001111001100101111111101001111101100101010110010010010001100
10011101101111100110100000011100000011010000001110000000010010100100010001110101000110000000111001010110110001100111001100101000
11000010110000000100001110110011011111111101111111101000011100101011100010000101111001100100101101010111010000111101011101001110
11110100110101110111100110000111010000100100110110010111000000000110101011010111101000010000010110100100100110011011010010010000
11101101000001001010010001100100101110011110110010010000100100111111010100011010110001101101111001111101000010010111001010000001
11110100001001110010110111011100001010001110110100011000111100010001010001111000110011100110111100110001110100111011101010001010
01100110010110010010100101101001011011111000000000011101001101010000000111111101110101111001000101100100101100100010000111001110
01101111100000001001011101001110010110001011010100100110010110111001101100101010101000011110100110010101100011111101110100110101
