01101001100010001001000001111011001111110110101000110111110011010001000000101010110000011011100100001010001100011001011000001100
00000111101000010001110101000101110100110100001000001111001100000001010101010011110010010001101001111111001111110100000100100111
00011110000111010010110000011111111011100100010101000001011001001010010000000101001101100110110111100101100001010111100011001001
00011110110101001000000110110010110110011101100010001000100101011001100110011000011000100011010000000101001100010101101000000100
01110010111000101111111010101100111000111101100011111010001000110010111010100111101101101011001101111001010010101101110101010101
01001101001101110111010100000010111010100010001000011101000011001110100101101001101100011100001000100000010101100011101111011110
01110010010011000010101010010011011111101100011110010000001110100000111000111000110011100010011001011100110101110011010011100011
01001011110111010000101010111011001111111001101101011101101010010001101010001010100110010010101101011001110111111000100111011010
10001010001011100101001101010100001000101101000011110100101110000001100111110110010011011111100010010111100101111101010111111011
11101001101100010111011110011001110110100010011001010100110101101101011011101000101000101111100101101101110010100010000001100111
10000101000110100010001100011111001111100001001101011011001010001111010001010000011110010111110010000001100011000011011101110001
00100010001010100000000000010110011111001100101111111101010010100001100000010000001111100011111110001001100110101110010111010100
10100011011001011101000010101100000101101100111010110101001101100100001011001000111001100101001011110110011011111000010101100100
10010100100000101100111001001001111010011011010001101110001011101110101000000110101001110111110101110000111000111111010011101100
00111011010111000000100101001000011110101101100100110011101111011100010111101010001101101010000011010111011101010101001011101111
01100110100011000010010111111011111110011111111010001001011011001100111011000110100101110011100100110100011111100001010010000101
01000000111001101010100101100100101111101010101100000011001100101001111100001001111011011001101010010101011010101001001110101001
10111001101011000010000111011111010010100110101110111010010101101101001110001010000001011110001100101001001110111001010110110100
11000110110001100010010110011000001101111010111001100100001001100001111010000000011110001100001000010001000101111000111100110001
01101101101100001111110000010100011011011010110000110000111001001001011011011111000000101001001000000001010101101010100110011101
11110111110010101001110000100000010010000100011100100110110000110100011010100011101111100010000010011000010010111100000111111001
00010000111111010010010100001111110110110111111100011001101011000101101011000010011110000100010000110101011101001000010110101011
11111110110100000010111011110110011100011100010110000011011111101101000010011111100111100101101011000101110010011011100111110100
10011001100100101101110101101111010000011000001100011101000101001111100000010111010000100110100000010101110101101101000010011111
00000110011110110100111101010111101011011000101010011010111110000010011110110101000111101101001000001000111001010100001100100011
11011000110100011110001011011100100001000111011100010110101011001001010001101010000011110000010110111001100001000101010110011000
01111001110010001010100001101111110101011010100001001100110011001011001110110100101111011010011001001000000100100100000000000001
01001010001110111100100001100000100100011110101101101111011011111110110000001111110100001110001111100001000101111010001101101001
10010110001010010011010010100110111011100111001101000000000101100011100110000110100001011111110011001110111110111111100010110110
01011110100001000011000101110000001010101110101101100011010011010011111000100110000100001111111010111001111111101100010111111101
11000000110100101100010000001100001001110110111010011111011110100001011101011000010011001010000111101111000100001011101010110101
00100011010000100010100000101010010111101000101011010000101001000001110010010011101101111101010100001101010110111100111001010000
10011000000111010111111100001001110101001000111011011011110000010111100001111101010100000000010101101010110111111010000010100001
00101011111111011100100100001001010101010000011101000101000001101101101000111010000001001100111101100110011100011011101101010111
00111001101100010000100010010010010100110010100110111110100001001001001101010111111110111001000101010000000110000001110101010001
00100011001011011010000010100000010010010011101001011110110001000100101101111100111010001111010010010010100100101110000010001000
00011010100010011100110110100011100011011011010011010100001101100100110010000000001000001111011000100110000110001100111101000100
10000010010001101011100001010100111101011110111100100111111101111110111100111100100100011111100111000000100011110011110110000100
01011000110111000101111101100010101100010001111110111101100000000111010111010000111101101100010011110011101101001110001001100000
10100111100111111100100011111100010000100010000101001001100100111111101101100011001010100010000011101011101110011100001000111100
00001001111100011001110111001100101110100111010100010011111011100001000011110101000101000100100110111011000111100001111111101111
11011011110011111111000110111011100111111010010110000000100011100100001101101000011110110000111111101111110001000101001110011100
01000001101110010101101011000011101101111011100111011111111011111100011001100101101101101110011101000101111011101001101000101011
01111111101011100000110001100011101001111011001110001100011011110000011110001000011101100010110101111101101011001000111000111010
10011011001100111101010001011001101000110111010100000011110101000001011110011111011110010111001010011011111101001001110111001010
10111100111001110011110000011010100100011000010000001001101000110101001101000001011000110010100001110111000011010101011001111100
01001100001100010101101010010111101011100011010001010010010000001111111010110111000100111111011001001110110000111111100011001000
00101001110100110010000001111000110010011101101010111010100110111100110111110101101010001000101110011110111011001100000001101011
00000010010000000010111010100011101110001110010110000101011000111001101011111110010010011100001101010111111101000010100010010011
10010111110100101001111101101011100010101001011010010001110000000101011010111011111110001001001011100011000000000011001001000001
00101110010111010000111010011100101100101010111110111111000010000001110001111101011101101010110101110000000010001100000011000100
11010111101100100011001111000111011001011111110101011110011011101011111010100111011111101100000001100110110000110100001000111001
01001001001101000101111110101111000001000010010100100000011011101100101010100111010011011101010011100010111011101110011100001111
11011101001110010011010000110001100101111111001100100111001100101011000101110100100011000000001101001110001110101001101101111100
11000001111000010111011111110011000011001101010000001101101001000001101111010110010001110010111011000110110100010001010110100110
00000000010010100011101111111001110101100111111010100000110100101001000001000100000100110011100000101000100010001100111101001010
00000100111100011101011111110011010101101010111111011110011011111101010010101101000101010010100010101000010011111001111010011110
10100010100111100000100110011100011100011010110011100110101010101010000011110111101010111100111101111010011101100111011100010110
01011111100001101011000100100100101011100001101001011010110110000111011011100110101110010001101010001101010000100101101101111110
10101001100011111110001111100011001000011110100011110100010001011001111011001111111101001110011100111101110001101111101101000100
10010001110010110000110111010100000001000000011110110011011100110100100111000000110111000100101001100011100111000010010001111010
01101101100001101111000110011010001010000000101111010011110100010100100110010010110101110100101110000011011011110111001011110111
10011111110010101110001101000101010010011010110111000110101101101001111010000101010000100001000001001111110001100010101011101101
00101000010000001100101010110101010101101001100111100000010010110111111000100100010111101101110000000001010011011011001111111111
00101110100111011001110001001101111110100000000000010111010100100001111101100011000110111000101011001001110101010101100011010110
00101000011011010110010000100110111001100100010100110001110101111000010000011111100001001010100111000000000101100111100001011101
00100110101110110110100100001000010111110011010011101101010101100111101100100001010101011000111000000010001000000010111000100000
00011011001000001010000101101101110111111011010100101111001010101110000100100111000011011111010000010111101110100111111010110100
00100010100011000110111010111010000110001010010101001001001100110010101010100001001101001100011100011100111000011100111000101001
00010101111100110100000001001001111101110111001101101110110000000010101111101101111101110110111111011100001101001001010111100011
10110010010111101011010000110101100010110011000000000000111111100010110111101010001001001000101011110110101111111110100011100101
00001011010111000111110010010111011010001100100011001010101100011010011001010000001011011010000000100111100100000100010010011101
00111011000000000011010011101000001000001101000111100010000101100010010000110000100011100101011011100100111101101100000100001110
11101011111010101100010000101001000111111111110000011100101110110101000101000010001101000001111100011010011000000001000010000100
00111001111001011010000001010101101110100110111110001111101101111000010010111110100011111110100000010011111100000011110100000001
10010011010011001000001010010000100001011111001010001100100101010100110101111010000011100110010111101110011111101011001010111110
01110101110111000101000001001100010101000011011100110111110001100011110101110011101110101001001001111010111100001010001000000111
00111100000100000010111010010100001101000010100101001011001100100100000100110001110000010010001110011101111001010001101000110010
00101110110111001100111101111011100101100111101110001111011000110000110000100100110011111101100111110000101011000000000001000000
01110100100001001011101000001100000011100110011110111110001111110100100100100010011101000011011011101100011111001100001110110010
11110100000111010000110000001110001101011101010000100010010111010000100010100010011010111110110000100100101001100000110110011001
01011001001111110111011111010010011111010100010010011110101011111010011011101000111101110111111010100111011000001011101011100111
00000110011011111101101011001010000011011101001010010101011110100101010001100010101011110001111001000101100010011101000100010001
10011010110001001101111110110100011101101110101101011010100001111110010011100111101100111000101001100010011001010111100011110000
01001001110000011011110001101110010001011011010101101110101000001111110000101001011011010010111011011001001110011011100010110001
01110001100110110001011000110001000111001011000010110111010110110001000110001101001111101000100000101010010000001011010101011111
01011001110110011001001111101001010110100010100011110011110001010000000111101011100011110111101110011000011101000101011100010100
00011100001001010001100110000000000100010000011000011111001110010111101001000111110011011111101110110001101001001001100111001001
11000100001110010101000110101110011101111001010011101000001110111100110010010110110111010110111011010101100101011011000011101010
00010011100000110011111101101111100111110101100111011000101110101010001100000101011010110110100111110001011101100101011010011001
00100010110100110000001101010000111110101010100101101110010101101000001011110001000000100100000011011001100000010000011000001001
01110001001110000110010111101100000001100000010001110000010110110010111111001010010001100001010000101111100110111100110101100110
00101011011001000001000010110100110011110100111100101000111001000111110010110001011000101111010110000000110010110011011010101011
01111110110001010111010101011110100110100011011011011100001101000100101101001001010010110001110000110001100101001110100110011111
11111111010010111010011010000110101011111101010000010001011011101100010110011001001000011010101111110000100110111010100000101111
11010111011100101001011001001011111010000100101011100000101010110110000011001011110100100100101111101010010010010101100001010011
10001010110111110101110111100011100011001010010001000101100110001000001000000101010000010101010010111011010101011011011000000110
00111111110011000111111000000101111001011011111100011000100111111010111001000011110111111011000010000110100001000100110101110100
10001111010000111001011111000100000000000000111100001110011010001000101110001010111000011010110101010101001111101000101101110001
10010110010011000111000010000001000110001110101100111010011110100110000101010010100000100001100111010001111100011101000110010000
10000011010000001101001001111011110001011011011001101100111110010100010010100100101111001110101010011101100111111010001011101001
10010001101111011011111110000110011010000110000001000010010010011100000011001000000111011011011000101010110111010001101000111010
01110010110001111110111111001111001010000011001000000110011100011111111000000000100100011010011001101110101111011000001010101011
01010001010100000100111110011100001000100100000010100101100111110110110011111000001001110111101010001001010000100101110100101101
00000011101000001110111011000100110000010000000011010000100100000011010100001100100101000100101010110001101110110011010001000111
10101100110101111110110111011001110111011011010010010101100111101010100011011010110001101110110101000011000011001010111100100100
01101010001000100001111101100001100100011010100111111111101001111001111000001000000101011011100100110110010111011100101101110000
00011010000100000110101010001110111111011110110000011100000100011010001011100110011001101111010111011111111010010101010000111100
10111010101001101011111011111000011000010011101111110111011011010010101010100111011110000100101010101101110010101001101001101111
10001000110111010110110110100111111101000001010110101010011101011101000001001011101010000000110011001110011110011111011000111100
00111111101110100010000111101111111100000111000010111010100010100101111101010101011110000111011101101101011001110000010010010101
10000101000110110101000111010011110100101111000101000011000110011110011100110010111101101011010101010110100110001100110001011111
10110101111011010101001010100100011110110010100101111001100000111011000110111100111000101111011110001011110101011111110011100101
00011110111000100111011110100100000000010011110101001001100000101011011000000011010100110100110000110100101110110110100100101011
00000110011100101110000010000000011000111110111010100110110110110110000100111011000110000000110100011101001111101000000110001110
00010100000110011101101001111110011101100110000101100001000000110011111011001101001001111100101110101011111010100111111111111000
10011110000111111001011111111101011101101101001110100001011100001110000001000101101000010111011000010000010011001111001001000101
10111000100110101011000111001011011000000000010001001010110000101011011111011111111110000101011011000110011010111010100011101111
00001111110010001100100111001100101101100000011010011111010110000001000111011010101111001100011101100001100110000100001010110101
10111000000110111001111011110101010011101100110010111011111101001100101111000011010011001100101100101001100001011101000011100000
11100110101010011101100001010100101010011010001011110101111100111110101011000010001101000010010000000001001011011101110101110101
11110000101101010011110101100001100011001011100010111010100001010010001010001110111111100101000100111011100101110000111011100101
01100010001000110000110010110000101100111010101011010011110111110001100001110001110100001110010110000110101000100101011011000111
01101110001111000010011110111000110111011000010000111011110001000010010100100100101000111101011111010101001101111110011010011001
01101101100000100000111011101110100100111111100001001001101001100000010011010001110111110101010011010010111001001100011111011111
01010110111100001000100000100001010011010111000111111110100101111011000011101010101000100011101110101100100010010000010100011110
0111