-298
933
-81
-1816
-2579
1615
-1876
-657
369
3201
-964
-596
-1891
1982
-125
1952
-457
-3315
771
1848
410
-515
-1622
110
1486
-3505
1444
-1809
-395
-1842
603
2052
-3992
1904
-625
722
-2938
2712
-3160
1356
441
-2347
-1508
-356
1146
137
-1957
-4774
-4764
-619
-4597
1676
184
1821
-1113
-2260
812
755
-2581
495
-1332
-1023
-1287
-367
-2374
-1650
-114
4723
-1612
1062
1134
1682
2069
-1654
801
-3033
1086
2361
-2631
1393
-1292
-3038
-757
2005
-1923
-3063
-2497
2352
246
-265
226
-3492
2013
-782
2555
2842
-845
184
482
-1912
-855
-1785
-1513
2528
602
282
-1057
3122
1654
-3488
3806
-1298
-330
-2917
2041
783
-2065
-3866
-161
-1612
1509
-1436
317
2136
-1881
-1020
-1971
-2936
-39
