1101111001101011110110110100000100000010010000100111110110101100
0111011100111110010110000011000101011101101010101111111110011111
0001110110010010010011001110100100010110011011100001010011001001
1011000101101010010010100100000100001001001100111000110110010100
1101111011011110010000011101111101000100111110010111110011001001
1011010001001001000010110111110001100011101000101100101011011111
0111001010001111000111111001001011000111010010011110100101001001
1101100101010010110001000011111011001001111010110000110000000010
1101100111011010111100001001000000010011111010010001001001110101
1100000000110111000111100000111100111010100001100001110010010111
0101101000001110100110010111110001010101001001111110001001111011
1001110110011000110110011000000010111100100111110110110001111011
0001101111001000100011111101001111101010100111010110111101111000
0111000001111001110011010001101010010011010100010000000010101101
1110110001100011110101100011110010101101111100001111010110110101
0100011000010101001001001110110110001001010011110000111110100100
0110101111100101110110101101100111001111000011100010100111011000
0001000101111101000001110100110111001000111001000101111111111011
0110110110001110110011111110100100101010100101100101000010001110
0110010111100000000111011011011010001111011111111111111011110010
1011101101100110101010010001110111010001101110010001001010011101
1111010101100011110000100010011011111011010001001110111001110101
0111111110101111101001110001101010110000111100100011001110111100
1010111011001101011001110001110011010110010110101111100111011100
0101000110000101011101011001001110100101100011101111110000101001
1011110001001101001010100011011010001001000000110101001101010001
1110110000111100001100011011100111000010100011101100111110110110
0110101000101010110000010101100111101011110000010101111011111100
1110001111111001011100111110110111010100110101100100001111110110
0110011001001011111100000111011101111111001011100010101000001111
0101001010110010010000101010000100001100010100101111111111100011
0111001000111111110101000010100001010000001110110110101010100110
1011001001010101100010001000100010110101111100100110001101111100
1000000000101000111101111101110001111101110001111001001011110111
0111010101000001110001001110011110011100100111001011001100010100
1111011111011010010101100001000000100001001110111101111001011011
0000000110011100111100010110110001001101100010110110101011000101
1100110110101100010100110110011101100011111001001101000100101110
1111100010111111011000010101100111100010111001110101100101100100
1001001101110010110111101001000001001101110110001101001111100011
1101100011101000011011001110000000010001001111001111010100000001
0101001110000101101101111110001110111111001000111111011010111101
1110101110101010011001000100000110010000101110000100100001010101
1100101100110000110111001110011101110011010001001110100101111001
0111011100111110100010101111010111101001101100111001011000101100
1001001000110101101101101010110110000000110000001101010101101010
1001100011000110100110100010000000011110100101011101010110100011
0000100010000011010100111110101010010100111001000011111001110101
1001101100101001111110011101001100110010101111111100111001010111
0111111100101101010000010000110100001000011100010100110100001100
1010011010011001010000001111100101111111111100111010111000011011
1001001100110011010001110100110001010011111110011000101111000000
0101010011100011001000111101010000010011101110010000110111011001
1010011001011010000001100000101111011101111110001000100110110110
1001010100000011101101111000011011011001010100111101010111100111
0110100111010010111011101100000100110111000011111110001101001101
0001001001011011011111001111100111111001010111110001001101111011
1011100100110011110100000111100110000011100100011000101001001101
0010111111001100111110111100111011000101100001101100011000100011
1110110110100110101001000100111101100011101111011101101010011111
0010101100011101101100011001010010001000011011010100011100011110
1100000100010010001011111101011110001010100110100100101000101101
0001011001100001010100111011100001001011100110110000100100011010
0100000100111100101001101111000001100101100000001011111011010110
0010111001000010110100000111011111001101111010101001111110000101
1001000010101010000100101001111011100100011101101110010101000010
0110001100100011000100011001110000100010101111010100000011101111
0110101100001110100011101010111110110001111111111110011101010001
1010101111111110011101011100110111100011011001100001111001001101
1000001011110100101100010011110000100000000010010010001000010001
1111100111101111000101010011000011011001010001010110111011101000
0001101110111101101110000011010100001111101101000001001110100100
0110101101110001001011011011001100100101100110000101000001010111
0001010101101101010101100101010100000000110110111110111000111000
1111111110100001100000110100101100100101000110111010001001001101
1001001000011111101110010010111000100011111011110000111110110100
1000001100100110000010110100001100101011000011110011101110000101
1011010111011101100111110110110000110010100001010011111011010101
1010111001001111001111110101011010001111110100010100011011011101
1001011011011100100001111011011101010001000001101011001100010100
0011010011110100000100101011110110010000100011011110001100001101
0100110100111101100000110101000010011010000101001000010111000001
1001111101001000101111110110011011010011100110010001000001001001
1001101100001101111001100111011110110110000001110001010000101100
1100011000000001011101111110011100100001001111111110011011111010
0100100011000001100001000110100001001000101010011011111011110100
1001110111100010001011110101111100110101101011110010010101101111
1010101100110001111011010011111011110000011111000111101111001010
0010101110000011111001011011000001110011110100010001001010100111
1100101000100110110110100100001111010110100011011110011000101111
0100001100100001100011011110010111000101011010100010110011001010
0111010001111101000101100101110000001011111010001101000111011101
1111100111110001110101001001001000100011111010101010001011110111
1110010000011011001101110000001100111011100011010010010111101111
1010100011000001000100100011001010111010011010100110110011011111
1010110010111110101000110011011010101001000010110100000011100101
0001011000111000000100001011111011000010001100110011100010000011
0111000010011010011100010000101101000110010100110101001101100001
1000100100010000100100011010001011011010110100001000101000011001
1101111001111100010100000110100101100111100111110001001011000011
0100110111101010011111101011011111111001100100110111101110010111
1010001010101111111101000111100010001111010111001001110111100001
0111100100011010010000101011010100110110010001011010001000011011
1101000111110010001011010101110101110100101011110101100100000000
0101111100011110011100110001000101100001110001110110011001100100
0001010011101001101010001101111011010000101001011101100100010110
0000100110001110011101000000010010100001001000110010100010100011
1011000111101111101111011110000001011101100001010101101110011110
0000100101011101010010001010001010010110101010100101011000000011
1000010001000011001100111111101010010111011101010001100111111001
1100001110011101101000100101110001000100111111100000101000001010
1011101010011010011100000100011111001111001110010101111110101011
1001010111111000011111000101000011111001000001110010000000111011
1000100001100110100110111101101011101110110111100111101111110000
0001000001101000000110011111111100011111010110100111100011111000
0111111001000101110000011100011101111111100000100100101101101111
0101001101001010101110001001000011100111011110100101101100110011
1111010110010111000001101001111001001010010100011001100011000101
0011111000000001111010100101011001101010001000100101011000001111
1110101111011100000101000100101110000100101111010110011000011100
1100001000111101011100010110001111101110011101010100011010101011
1100010011011011001000001001011000000011011001011001101110000110
1100011101111101011000110110000100100000111100010111111011000110
0000010111111010010010000101011111001101110111001100011011000111
0001010011011010011001010101011100001001111010011100101010101101
0110011010010001011000111010111010000101000101110000101010000111
0011000000111110111000000100110010010111110100000100000110111001
0010001011000000110111001011101000001010100111011011111110100100
0001110110001101011111001011000011010100000000101000001111010011
0110001011001011100110100010111001001001010100111100101011111000
0101111111100101000001111001001001101111100110110011010111100001
0111011000000010011111001101110110010011100010000100001111111011
1010111000111101010000000001111101110011100000110000010001010011
0110000001011000110101001010101110100011010001101000010111101110
1110110111010010000101110111011100001010011101100111101010000110
0011110100000001011001001001110111111001000000101011010010101010
0111101101100000001001010011100000010000010001010110101001001100
0100110001000100100000111001100110101101010111011010111001110110
1001011000100001110001111010001111011011010000011100110101011110
0111101000011111110110001110111101110001101101010100000011011010
1001011011001011010101100101111000101011000011101010110100011101
1011000000100000010011001011000001011010100001100001001110110110
0010001000111101110100011010110011011111111011010101101011010111
0100110110010110011110000010010110111011100110111001001011010101
1010010011001011111011001011111011001010110110011010000101100010
1101010100011100001101101011011110011010001000100111010011111000
0011101110110101111110110110100000010101001010100110001111101001
0011111011001001010111001110101100011001111011011110011100111111
1000011011011100010100000111011100010101001101011010001001101001
0010010011010001110100110000000000110110101000100111111010000011
1010011010111000100001100111101100111110001111110110111001010001
0011011110001110100001010100100010110110001010011000001101010110
0110011000101101011011001000100101111010011000100110111010001011
1100110110100010000101000000110010101011011000101010010011010101
0010101101000011110101010101100000111111100000011000110111110010
0111011001000111111000110001000000111111111011001000100010001001
1110010011100001011100011011101110011101000011110011101100010000
0010001110001001111111011111001111000101001010100001100010110100
1011001010010111010101110100101011111000011011101000100111001001
1111000111011000000100101110101000001010010011001000010010100011
1000100101010101101010011001000000000100000010011011000000110001
0111111001110001110111101111001001011010100000101000001000001111
1010110111000001010100010010111101000111100000001010000011111111
0110111101000010110101100110111000011000101000001000000011111010
1101101100001001010010011111101110101111100110110010010001000000
0000110000101101001011100010000101000010000101111101001100000111
0100010111110111100110011111110001011011010010010000000000001000
0101110011010011100010010100100001110000010101100010101101011111
1010011000110101101110100011010111000110011100111010110000001001
1110001010101000000011111001100100110010010011001000011010100010
1001011010101100111011011000101010110010000100001001110101001101
0000000110001010010000100001011110000111001100011000101000100011
0100010111101100100100100001100110111001100010110101011110110100
1011110001010111110110000110110100011110101101101100011101000110
0000111000101001111110110011000000001000100111000000100010000111
0110000011001010101011010110110111100110100100000111110101000011
1101100000111001010010110010011000111001011001100010111110110101
1011100010111011011111010000110100010111001011001100110011101001
0001100110101000011000100101010111000001100101101100001111000101
1001111001101101001011100110001010000010001101100111000010100000
0010001101111011010110101011010111000101010110101001010101101101
1110100001011000000011001010000111101011110001001000010100111001
1001011011011001000001011100110111010110111010101000110101110100
0100011000010100000111011000111001111010110110100100100011110000
1010011110100100111101001001100010000011010101001010100100000101
0001001111010111000110101010100010111110001001110000000100001000
0011100001100001111011011110001111101110100011111011001110010111
1011001000100100011011100011001110100000111101110011000110001011
1100100100000111001001000011001111000001011101011000100111011111
0110111101010010101110000111011110000011100011001001110010000001
1000001100101010001010111101101011111110010011000111011101000111
1001111000101011101110101101101110101101011000101001011100001000
1011011001100100111110011111011011011011010111110110101100100111
0000100100011000010010110010100011000111100101101010111111110110
0001111010010001011100000010010101111101111001100100101001011000
1001010010100101001001001101000100100011111100010101100111100000
0100011010100011000100111110011010100011011110010111001100101111
1011101011001100000011011001011101100011001010101111100000010100
0000001111111111101110000100110010110101111100111010001101001010
0000110001001110110110000100100110110010100010100000010101001001
1110110101001111000110011000000001000110011101000100101010110101
0110110110101011011111101111010110001110010101001000001011000000
1000000100010111001111111110000010000110001001101100011001111011
0011000101111010000010100010100101111011011111001100001101001100
1001010010011011110001101000011000100111101101010010110010100110
1100100100101000110111010000110010011100100110111100001111100101
1110101001000011110001011111111010011000101101100011011011100110
0001110010111000011011110010011000011100010011100110101000001101
1100000001001111000001101011101110101101101001011111110001100001
0011101111000110000100001101111000010001000011011101010000001111
0011011000111001101101110111001010101111111110011010001001001001
0001000111000100111101101111101001101111000110000111010110100011
0101001110001111010110110100111001111000000111001101001111011110
0101011111111000110010001100011100110011100001100101010111100111
0000010000101110010110010011100100000010001111111101111011101011
1011110010000100100111011110010000100000011100010100010010000010
1111001000100000101001001110011111011011001110101010101111111001
1001000010100010000101000111010010101010100100111110000101010001
1111111101100000101010111000110110110010100101110101011100011010
0101010011100101011001001010001100011111100100001111000000101010
1111011011011001000010110100001010101011101010101111110000111100
1011000110011010110111000100100001010010000111111011100000010001
1011010000100011101011110010100110101101001110001000011101001010
1110001101110100010111001000110010111000101111111101101111101110
1110010011101011000110000100010010011000011100100111101010010111
1010110101111100111001111011011100001001110111111110000100100100
0011100111110111100010001010101110011110110101011110011001110001
0100011000001101111111001011101001001001000000110110000111110100
1000000110111010011111101100000010101001111000000101110000001101
1100111010010100111001100110100100100000100100000101001111100001
0010001011100111110100100011001100011100100100010111001101000000
0010011011011010001010101010000100110110010101010110010100101111
0010001111110001001110101010010111000001110111101010111001000011
1000101000000101100100001110001011010000011110001001110010110111
0110111101100000010111111110101100011111111000110100110011010101
1100110100011001001100100011110100101000000011101111000110010110
1101110100011111011110000101011000001010100111101000100110111010
1111110110110100010110011001001110011101001100100110110111111100
1001100011111110100010111111101010111011000000111100011001011100
1010001011101000011100101010101011000000111101100110111100001101
0111011001100010100100111111110010011011000110010011010001111101
0001110000101111001101001010010011000100100010100100001000100110
0101111110000100011101111110010011010110101000000110001000110001
0010001101111110111000111001101100000011110011000100001100011100
0010001110001111100100010110100101001010110101111101101000000000
1010101000110110011001101110001010011110101100000011110111000100
0110100111010001111100010010000111000111111001110101011001100111
0011111101111011000001111111010100111101110011000001011110111010
1001111010100000001110111111100100111100001100000100010100001100
1110011110110011101011110011000101011111010100101100100111101110
1000100001001100101110011000000100010100000010001011000110111011
1001111000100100010001110001001100101110011010000000110111100100
0101001101011000111101000100010111001111001111101110110001001000
0010001011000110101100011111111101000000111110001101011110110100
1011101001100110110011111011001010110111011011010111101001100110
0111110100101010101000001100100000010101010101010111010001101110
0000101101010101111010111001010000100010010000100011010111000100
1100100101010000110011010000111100100011000000010001001111000110
1111011111101010000001011100000000110111110100110111110011101001
1100101100001100100111100100001110111000011101010100100101100000
1011000110111010011000101111110011010100000001111001101110010110
1100010000010111101010101100001010101000000011111100110010010010
0110010101100110001111100111000100000100111111101010001010010011
0000100110011001000000010011110100010100010110010010100011011101
0100101111011110101111101001010000101101100111110011010000000001
1101101001010001001110000110111000011100001111010001011011001101
0101011100111100110011011001000111000110011010100110010100010011
0000001111100111001110110111011111110000111101100000111101000100
1011110010001100001111011111110100100101011111001010110011000110
1011000110010100101001101111010010110000110001110111001011000100
1010001110000001010111010010001110011100101000001000100110101111
0000111001001010111011000100101111110111010000011101011011010101
1110101111011001010011011110111100010100110110011100001011110111
1101001101100011110110000011001111100100000010100010011101001110
0100001000111000001010101010000101010010111011000011101001111000
1000011111110110111001010110110001111001100000000100000101110000
1010000001010010000011001110100000100001010010100101001000100110
0111111100101110111001101001100100001110110111001110000100111010
0111100111001011000001010000000101000001010100000101010101101001
1101000011010101110110101010101000011000000000101111001101101000
1010001111111111101101001001101110010011000111000110000001011001
1011011101000001110011110100010101010010110001100101010001111000
1001010001001101010010111000110010011110110110010010101101011000
0101000111100100101101110001111011001110111001001010000110100011
0100011100000101101011010110000110110101100100110010001110010100
0100000111110010100100110000010111110101101101110011110101010011
0011010111100111111101010001001100011001011001010111011101011011
1101111011111011011011001001111001001001011111010001000101101100
0000110011111001010000000000011011111100101100011101011111100111
1011101111000010100110100011000110001000101110111001110010101010
1110100011111000101111110101010000101101010011011001111001101001
1111100110001101000000110010111111100010100111100101111101001110
1110111010011111100001111100111000111001111001010100100010010100
0111111000110111100100011010111101111010000110110001000011100010
0110001101011110101100001010111011001101001001000010101011011111
1011011100011100110001000101111001011110010000100101110101101101
0010010100000101001100100001100010001000100011111011010111100111
0010001101110001010101010111010100010000100001011100001011000111
1011000001100000101101011001000001011110100101100110001101010011
0100101111100011011001001100001101100011101110001011111110000111
1110010011001000011111101101110110001001000010001110100101110101
1000111010101100011110110010111001100000001011110001000001001000
0001101111010111111001100110100001100011000001100110000100000011
1111111001110101100011101101101001000101001011101011100100010100
1111110111001101010110010111001011110111100000111010101000000101
0000100111111011101110100111001011011001101111000110111111011111
0110111111101100000010101101000001010001110010001101100001000100
1111010100111110011010111000100100110011111100101001000111100001
0110000110000111001111110010000111100010010010011110000100001011
0001000111010000101111011100001110111000001111110011100011011110
1010111010100000110011110111101111011111000110000011101101111100
0111101000100101001000011110001011011110000000001010100010011011
1100100100110011011100101000100010010011110101111101111110110110
1100110010111010100100111101101010010100001110010000001110101000
0111100010010111111101011001011011110111011111111110000101001011
0111011101100001000111100000000000101001101001101011000000101101
0001100111001010000011011001000010000000110101101000100011010101
0001100001100011100110000011010101110100100000000101101010010110
1101001110110111001001001001010001001101011101110001000100000011
0111111100010001001011010001010010110101110110100010010001100111
1101010100011011111110010001111111000001110111100011101111110100
1001110111010110011110100010101011000001101001000101010000100001
0001010000101100001010111011001100010111100111101011010111011010
1000010011011001010110101011001001100001110011111010000011111100
0000100111101110110001111001111101100100011110101000111010111111
1101000000110010100011101010101101101111110111010000010010011101
1010101111111001010100001111011111100100110011110010100000011100
0101011010101110100001000110010110011000011001101000110001101010
0010110110000011111001000111011011110111001101011101100011011111
1100010000100110010101100011010100001011100000010000000100001110
1111001111011100010100001011111000011110101100011110101010010111
0101001011100011111010001001111111010100100100100010110010000101
1100001111111011001101110100101011010111101000111011100010100110
0101111010010010110001111001100110101000100101011000101011001010
1111110111000111111001111100101011111001101100111011000100100010
0100010100100110010011111111001011011111001101001010011011001011
0010010001001000101011000101101010100010110011010001011010101011
0011000110110111010110111110000100010000010000000010001000100010
1000001111011110111000110110111000101101011000110111011001100101
1111110110110100111010100110100100000110000110101010001101000101
1101010110101110111000100001110100011011101010100011110001010010
1100101001001000001101110110010110111100000001101000111100001110
0000010001000011011010101010110101100100010111110010111101010100
0101010000011000101111011110001111011101011010000010001010011001
1001010001101100001111110001100010011011101111000011011001101101
1010101001100110000100000000110001111101111010110011010001011110
0111101000100111001010111111011000101001010011011000111010001011
0001111111110011011000000100110111000100101000000101011001011111
0010001111001010101100111011011010111111001001000001100100111001
1110111001111110110011001001010110100100111111000100010100011100
1110111101101100110111001001000011111111011011101101100011010000
0010111011001010111011101100101101000011000111010110001000111100
1110011100011100100100000011110100001011110011100111001000010111
1101100100100101100001000001101100101101101011000001010011000110
0100010011100100011000100001000000000101010100101011011100101000
1010010101100101110011100010010010100110011000110001110000100101
1111001010100011010000110011010011100110000110001010101110101010
0010101011011111000100100001010100111101100100011001101111100001
0010000001010001011000001001001000101000110111000111001001101110
1001100101111111011100101000011100100100010110001101001101101000
0110110000110111101000001011010001100110000001101101111000001100
1100000100101110011011111010011001110010010011001111011000000110
1101101011100000111000111111100110100100110110011011010001010000
0111010110101010110011110010010101010100110101000111100001100101
1001110010110111100011101011000000110111000111111110110100101011
1110100010001110010101100000010010001001111001000010000111010101
0111110001011101000101000011001111101100001100000111100100010110
0110010111100101101000111000101100000110011001010000000111100000
0110110011111100011110100011000100000100101111111110011101000111
0000111101001110101001011111010011110110100101101001011010010111
0000000101111010011010111101001110000011111110000001100010011010
1011011000101010001110100111101010011101001010110110010100011010
0000010101011000010100101101011000111100100111000111010101011101
0000011100101011010011001110000100101011110111001100000111110000
1101100000101110011000000111100101011000100000010111001100110011
0001100110100110010001011110101011110011001101100001101100101000
0110011101111100001011011011010011010101101010001011111011110001
1110110110010100010010010010011100000111011000001001111111100001
0001100001111001110011110100100000001001100011010011111101010100
0111010100111001000001001100111100100111100000010010011001010001
1011111110001111111110010000011100101101000011001110000000111101
0011010010100111011011101011111010001101000011011011010100110001
0111111011000011000011100100100000010011000000000001110001010011
0010001100010101101101001111100011000011111000010110011110011100
0101101000101010111100011011110000110011001011010001110011000011
1101101101100011110011001110111110101110100111110101110111010000
0001001001100001110011111010110010001001100010010100010110010001
1000011011011010011010000010100111100011010101100100001111001011
1110011100101111010100001111001000110111100010100110001101101010
0111000011011100001100001010010101100000110110101001111101100001
0100101100100111010100001000000111010010101011111100000101000010
1110000010010101010110101101111010000001001000101111001000011000
0010001111100010000100111101000100000110010100000001101101010110
1000111011111100101100110110010101101101111000000001110110011001
1101011001001001110110000010000111010011010101111111000110001001
1001011000101000100001001010110111010111001111111000001111011100
0101001101010111000111011011100000100111100000111100010001011111
1010101101000101010011000110010101000100011011001111000111101001
1111101001001010001101101011001001111111100111100011101101100110
0001001111110010001101111100000010110000111010100101100010100111
1100010100001110101110001110101000100110111000000011100010000110
0000011010010010101110011101001011011010111010001010010111100010
0000001011000100111000011000100100010111011110100011001110110011
1111000101000001111010111111010001110111011010101100000010010110
0100111001100110111100101011100111100001000110000101110110000111
1101111000011101111111110100011011001110110100010010100010011000
1011010010000101101100000101010111001000011100011001101001000111
0110000110010011101010000111100110101010100010010111101110010101
0001001100000101101001010001010111101011110111001101010110100101
0110100100011001000010111000001001010111100110000001100101111111
1001100000000100011001101100001100010110101011100101011000010101
1010001101001001111101001011010101010011100000001100111111011101
0001010110111111101001110100011111011000110101000101101000011000
1111011001100111110010010101110010110110110101110101001011000011
1110000001101001011011001000101100010000000101001000110101111010
0001100100111111111000000011000101110010110000001111110110100111
0011111101010111110100110001101111111100101000110001111100101110
1110110000110111000001110100110010001101000010101011011010100110
1010110100000011001011110100110000100101100100101010110000001100
0110011111000001101001110011100011110110100010000100000110001100
0010000000010110010001100000010110111011100110100011011111010001
0011111101011001100110101011011001011101010000010000001101100101
0111111110111001001100100101101110101001001100110111011001011111
0101110100100110010000010101010001001100001000111010110010101001
1010000110101010100011011100010100100011101010110100100110100110
0110101100010011101000110000100101000111010110101000101100001000
1001100100110101110101111000111101000101110100011001000110111110
0010101010010000010100010101001010110010111111011110101010011000
1010010011100000001111111000010001011000000110110011110100101110
0111110011100001100111001011111000100011000110011100001001111010
1011010011100101101011000000111011010010100001010111000111101101
0101010011100011101011010110011111110011000110010001011000011111
1111010010111111010100111000110010101110110010010101000100110110
0110100100100101111101111001111011101101010111011101111100000100
0000111110000010000001000011001111110010110010000000100110110101
0100001001011110110111000101001000111101101111011000100001101011
1101101000001111111111101101001101000100110010001100000000000100
0010011000101110110110011110110100000010000111111001110001110000
0000110001010000110001001100000001010110100101010011010110110111
0100110100111010010001100011101011110101110100010101100101110010
0000010111110101001011101000001111011000010000010111111100011111
1000101110110101111011111111101010011000111000011111100001001100
1110110000011001010010000110111110100111000010111101101001111010
1010001111111011010001110001001011011000011101000000100101000101
0110111010001011011101001001101001010100001100010010010111111101
0101111111111100101101110011100111111101000101101101110011100101
0101000011001111110101111001101100101011100111111111001100011011
0101011011100110100000001110001110101101011100101011110011100111
1010001100001000000111001100001101110001010001100111100110010011
0000001111110011111111010100011111111101100001111011110111011111
0110010100000001011010100100011011110110000001111011101111000101
1000101110110111101111101100101111111001000000111110100100011110
1100100000011111110100001011111110111010000000111110100111001001
1000101001000001000100100101100010010011001100111110111011001000
1011111111010011111011001010001010110010010010111110010001111000
1000000010111110110011100010001100110010001110101101010111110000
0010110101100111110111000010111010001011110011011000010000101011
0111111101110010010010011010011010001101111011001110001010111111
0000111011000100100000001110101001100100100010111001111110110101
1110000110011111000001111101111100010011001111110110010001010111
0010101001010110010010100100011110111100110100000010110010011100
0111010011101000110101101110000000000100111000000110101000000101
0110010000110000101101010111100011111001100011001000110100000001
0001011010010110111011011001000100001101111101001111001111001110
0010100111010101101000000000111101011010100111101010101001101100
1111011100111100000011111001111111101000101101110111010001101001
0000001011100000001101111100101111110100011011110101000001011001
0101101111111011010101101011001011111101010100010010001011001110
1100010001011010010001101011111101010110111011011001000010101000
0010101110001010000111101101011100000001001011010000010000001011
0011110011110001011001011011010110111011101101110001111011000110
1111101010110111010111100001111000001111100101011001110110011010
1111001101010101001000001100101101000111001000000011010101111101
1001110111110111101110101010010010000010110111011110100011011111
1010110101010001110001101111101110111011011111001111000111100110
0010110101101110101111110010110101010100011011100111010110101101
0000100001001100011000010110001010110010101110100010110100001000
0110100110011111111100001000010111101001110000001100011110101101
1000001011101111010100001101001100000100101110101110011000000000
1100010110011000110111000100110111010010100110011110001111101001
1111101010100000011000111110101001110001011110011111011110000001
0001110011001110001000111110001100010110100111011011001110101011
1000100101100110000110001010011100000001000101111010001101000111
0001110000010010001001111110011110100111110000000101001001100101
1110110101100011100111110010001000100101111111001100011000101100
1010111111101110101001001001001110000001011101001000010101110010
0100101000010011011010110100010010101100100100110000000111001000
1011110011010010011001100110010110011100010111010111100110101100
0110001110001010101000010011011100011111110101100111000111011111
1000101110100011101100110100100110011001110101110101100000111100
0111010111001001110101001010110000110010010010100111100100101100
1100110011111001101000011111000010111010110110101111011000110101
0000101000010010010010000110110111110111111010100010101010110110
1101010101000000000110001101110010101111101101000010111001110100
1110011011100101001100110011000111001110010010001010011000100000
1101110100010101011111110111000101101000101101001010000001000111
1010111100111001011000110011001101000110110011101101001011010011
0100000001001000010001101011110110010110000010010001000000101000
1001000011010111111000100011100010000000010011110000010011111111
1111011011110100001011001011100001100000111010001000010101100010
