0000100100011000001110101111010011110000100001000110010001111010
0011101100011000010110101011100001110111101100110100101111010001
0110001100000010010001101010001110101001111110100000010101011001
1101100011101110101010111111001101111010010111010101010101011010
0001101011111111100010100101101110110100010011111111100110110110
1101100111010000000111010011010010001100110010011001111101001001
1100101010011111101000101100001111001101000001101001111101110101
1111110100001100111101101001100110000100101011001110100100000010
1000010101101000110100001100011101111101011111001110111110010100
0011110000010010011000011110111100101101001001111101110001101110
1111001010110011110000101100000001101100011011001011110101111110
0010010010001011011000101100010111001010001110110111111100010010
1111111011110011100010000010011001101011011101110101011101101001
0011101111100011111101100010000110000110010110010110001100001000
0101111001111010000001000111101011101001110111010001010010000000
1011000000001101001100101111011001101110101000001000101011000111
1011101101000101101011001011110100110011001111101001011000101101
0011111010001010111011000100010111110001101111010000111110100101
1111011001011011101010001011010101011101010011001100111001000000
1101011110101101011010100111111111011111101010101011010011011110
0000101010100011101011001010001011110001111010100000011111101111
0111111011111011001100100001101001111000011111010100010100011001
0011111110010001101010001001001111010010010110100001011111111111
0110100010110000010000110000010000110011101101111110011001010011
0101111111101010100011111000101001110110001001011101010101100100
1111000011101101010110011001100110001000111101110101101101111100
0100110111111100101110111001000000011101010010100110110101101010
1101001100011000111010100010000111111001101100000000111110000111
0000110110000010010100100101000100110001010001110010110111000000
0001000111000001101011000111001000111110010101101001100011010000
1010011101011101001000001011010110001100011011011110101111111001
1010110101011110100111011100000011101100101110100001001001110001
1100001001010011001010111000110001001110110001001111011111011010
1011010011010001101101101111010010000100111000011111101110100011
0111101000100110111011011000010010000000100010000001100011101011
0010111101100111000110010011000001001010101111000111011110101011
0001001110110011111011010011101001111110111010100101000010111000
0010100000000100000110000110110111010111100001101010010111011100
0100110100101110000010111100101000100101001000100110010000110110
1111010100010101001110111110101001111110010111011110101001001111
1011110001100111000101111000011010011111101001000101110110000110
1110111101001111010111111100100101100011000111110011111111010010
0001111110110010001110101001111000001101100101100101110010101110
0110111111001101110011001000011000100101100010100010111110101110
0011101010110010000001010011010001111000011101101110110000100101
0101110000110010111101111110010011000110000101110111001100111000
1110111101000101101100001001101101111101000110100111000001100110
1101110010001111100011001011100001111100110101000010000110101011
0000101011110111110001101100000101100010000111000001110101101010
0101101010010110101010110111111011001111110011101000111101000010
1001110110111011110110010110101100111001100101011100100000001111
0101010001100101101101001011111010111001101101110001000000110110
1110010100010011101101110100100000100010000101011001011000101111
0101111001110101001111011111010101100111101011000101001101101010
0100011000000000011010010111001011110011111100010100100100101100
0111001100111010001101000001000010101011100010111110101001001001
1011010111000001110101110011111101010001101111011111001000011100
0101110110001100101010011100100010011100111011111001011011000001
0111110001000000010010000000000001110000010011100001111111100001
1111011000101000010000110110001000011011011001010010111001011010
1101100100010111001010000011110111011101000010011001011111011111
1111101110100010010010011010110010101110011100011100011001011111
1001111101010001010101001111100100111010110111000101101110111101
0001010111000111110110000100101110111100011101000011000000111000
0010001101011001011110001110011011101000010110010010100101001011
0000101110001100001110001111101010010011100100010001001111000101
0011001010111111110011110101111000001100111000000001010001110110
0011001001010000110101101010011101010100001110100111110110000001
0001111111010000110110101101010000000001101010110101100110111000
1011001100011001101110111101010010000000010100011001100101000111
1100011101011000000110010011111111100100010010100001001011101010
0010000001110000011110101111111010010111101101101001111001011111
0000101011000010000110110011101100001100010100100111100001111111
0101111001111010011011001111110010111101000000000100111100011011
0101110000111010111111111111111100001001111001111110110001001011
1110011000000001101001000001011000010000111111101101000000011100
0000011101000111100100001101110010000110111110011001010000001001
0100001100000101010100110111001001111011000010110001111111001110
1011110010100101000011000010111001011111110101001000100111010100
1000111001000110100000010111010101011010100010000011100010011001
1101011110000010101000100000010001011111101001000101001111110010
1001101110101011011101010011110100111111101000010111100001000001
0110010111001011010011110101011011010110100011010100101100000110
1100010001011110110011000101111010001101001101000100000001110000
0011110011011000101010000011011000110001101110010011110011001001
0110011000000110011010111011000100001011010000011011011000011000
1111011001111110110100001100111101000010010000001011111111101010
1111101111111111101010110000011101000101010100001100111000100110
1111011111000010010111011010001001100101100110100000110000110100
0010111001001000101001000000111010111000011110000100110110001111
0001101001110011010000001101100001101111001110110100101100111100
1101001010001101101101000101001011101010111101111101110101111011
1011010000001100000011000001001001111000011111010001011101110110
1001001010101111001101001101000111110111110011111110110101111011
0001010000101101011000101100100110001010000011010001110000011111
0110101011000001101100010100100000101101000010101010001110011010
1110101000011110101010100101010111001101011010000111101001010100
0010101010111110110111010100010110011100010100011001010101100001
0000111010001111011101101101010010011001011100010111000101101011
0110010111111001111010001101010101110101100110100100011001111111
