1100101101110011001011101111010001011111010100011110000001111101
1100010000110000000100011111010000010010101100101001000000001100
0000011111100110001001001101101000111110001101110010011010010000
1101111111111100110100011101111100010110011011011000010001010011
0101011110010011100101000011000110101011111101101000011001011000
0100111111000110110110111001111101100000101001110000110001010011
1000110111010110110111110101000000010001100011011101010110101000
1000100110100010000010011110100010110011010011011001101010001101
0111000101110100000000101011101001000000100101101000101011011001
0111011111111001010110010011011000110110011100011011110100000101
1110010000000011011111000000001110001111001101101101011100011010
1111111101011010000000000100000111010110000010110010111111100001
1000100100010001001001011110001000011101110101110000000001000111
0111101111110110000001100111111101000110100001110110111010100001
1001111000000110111110010000110000110010001111110011000111011010
0010111101111110110011011110111110010000111100111101110110100000
1011000100011001010000000101011110001000010010000101001101100010
1111010101110001000000100000110010011000100100110001111011011000
0000001011110011011101110100101000001001101000110111110011100010
1011000001010001010001010000001111100010110100011001110101010101
1001001001111111100011110110011100010100000101101001110110001000
0001000000011111011101100011110101000011001001101011001101010011
0110100010000111110100111111001110011010111111011110000011100111
0001011110110011110111001111011001011011111011010011110110010101
0010100101111001111000100011101011100010000100100011111100001000
0000000110000111011010010100001011101011010000011110010001111000
1001000000000001101110100100100001010010110000010000001010010000
1011011011111000010110100110010100101110010110100101010001010111
1101110101100011010001010101001100100011110010011100000100011111
0001001111110011100111011101000100101000000111010001011110011010
0111010110110001101011010010111110000010011111110000001001101110
1010110010100011011110100011001000011010000101010010000111101010
1101001101001111101010111100011100000000011110101110011100000001
0001111011011010001001011010010101010000101000010011001000110001
1010101111000010111110010001100000001100010101001101000000110011
1111101101011101001001111000010011001001101001010000111011011000
0001110000110101100010111100000000110110011101010111010011110110
1001110001111000111100001101101011101011111100011011110000101001
1100011011010000111110011011000110101100111000110000111010010111
0110001001011111001101011000001011011010001000111100111010101111
1011111110010000100101111011010000111111000101110010101110000101
0001011101001100000110000100010111110100100010110000101100000011
1111010111001001001000011100001001111100010011011010010010110111
0010000011101011100000010000100001110000011000110000101001101010
0101000100111010010010110001011011100111001000011110001011111001
0010010000010011100111000100000001110110100011101111000010110000
0000100110110100001101011110011100001111100111111110000111001001
1110000011001101001000100010100111011100111011100111011110011101
1111101100001111110101100100001101101101101110100111000111110101
1000011010100110110001110001010000010110000110101011111000100010
1010010110000100001011001011101100010001011000110001011001010100
1110111010010101100111101010001111011110100000110001110011010010
0111010001000101011111011101011001100011000100011101010110101100
1011111111000010011000000011101100100110000101001100110111111011
1111110011010111001011111100110010000100100101000010101111101001
0010101100100000010010010101111001111101000010010000101111010110
0100101010000110001110011101101001000001110110011101000110101111
1100110110010101010001000110100101001000111110001100011011111100
1100001001010001100000001001010010111110100010101100100101110001
0110100101000011110110100001110010010000000111110100110011100010
1001100100010011110110000110100100110111000001100011011011100000
0111000001010000101010010000001111111001011100011110011111100111
1011010000010111100000111111001001100010010101100111101001010100
0001100101001010100000001100101111101110001000000101100011000110
0111010001101110101011010000001001010111100000010111100010111010
0001111010000111011100100111111010100001101110101001000001010100
0011001000000111110000011010011010101000100100110100000110111100
1110100011111100101110101111001110111010101110011100100100010100
1011000111010110110010100010011111111001010111100010101010001000
0100110000001101101011001000010100000010011101110101010101101010
0110111110110001010101001110001110101110100001101010101001010000
0101111101000011111001001011101011011111110000010111110111110110
1011100111101010000110011111011010101100011000001110110100101100
1000000011100011011001010111011110011001000001101100101100100011
0111111000000101100000110110110111011111011110011001000011100101
0001011111000010110001100100000011011110111101100001111100000111
1110111001010110010001001000010000011110010010000011110001111100
1100110100001010001101100010110100101010001100010111000010011010
0110010101100011110000000010000001010110011100000111101011001001
0010110010101011000010100111011010000111111010111110111101101000
0011110000011101011101111111011010111111101111111101101000010101
1001011000000110010000111101110001011001010011001011000011100010
0101001001001100001010001110010111110111011000101010111101011011
0001001111101100111111001101101100111111111001111101101101011010
0011001110010110011001000010000101010110000001100100100111001100
0011101101111100001101000111010101111101111001110010001110010100
1111010011010010110110010110001101010001011001100011010011110110
1000010010111110010010101110101011000101010100101011110000110111
0011111011111111011001110110010111010001011000011011111111100010
1110110001111101101101111111100010001110111000111000111000101101
0000101110110101100111011110011100000111101101110110111111000000
0101100101001111110010000000000111010010000010101010100100011010
1010001010010010011111011101111000001101000111110001110011001100
1100000100100110111011111110111100110011101011101111010110000110
0100101110010011111010010011110101011010001010111001011010011110
0111010010011101100111100110110010000100010100001011110001001101
1000010011011110001111101010000000010101100111111000001111110111
0001010011011010011001110011101011101000000100110011101110001011
1001000000110111101011100000100111101100000011111000110000010110
0111010001100000111111110101010110101001111111010111010010010101
1011011001101000110101001101100000010000000010110101000000001010
1111011110010101110010100010101100110000010111011011111011100111
1101111100111111000100101001111100000100110011111001000010010111
0001010010101100000010001011010100001001011110100111010010011010
1100000011000010100111000100000000010101100001101110000111111000
0101101011000111001001011001010111110001010101000100101101001100
0110000000001000111001001011100100101010010010100001110010000110
1100011001101011110111110100101010001111010011111001111100001110
0001001001110011011111100110000010101101001110000100101010011111
0110111101100001100011100010101011101111100011011000011001110011
1010001011100100011100010100101111100111010110111111110010000100
1001010110010100010110111000110110001011110010000011001010111100
0010000000111111010111101011000100000101010101011110011011101011
0101000000101000110111011001111011011101111011111110001111110101
1101000000101110000101111010010100110000000010101010011010001111
1111100111011001011110001010011010111000101010011111000101001101
0000111101010011111110001000010111000101101001000111011000110101
1001000110010001010011111111011111001000011000111011110101111110
0010110100011000101000111100000111100000011011010001011111111010
0011010101100101010101110101000010010000100010110011010000110010
0101100010000010010011100011011110001100011011110101011111110001
1100001010010100000000100001000100111100000010010111110111111011
0011011101000011101100110011101111110100001110100111010111110010
1011010111000100100110100110000001110010000101000011110001010100
1110101011110111001111110010100100100001000010011000110110101010
0100010011111011001010110010100001001100001110000100000010011100
0011001110100011010111100001010010001110010001111000110100011111
0001001011010001111011010111011011101110001100011101001100001110
0000000111000101111011010100000101011101111001101010010101101110
1010001001001111000000000000101011100110100011101110010111011000
0101001011110001111100000001010111100110101111101001011000001100
0110000010010111001010100001011100111101011001110100100010011010
1010111010100011000010011011111010100010110010010000101101000011
0001111000010101110111110111001111100011000000111110110101001100
0101000101011101111010000101000010000000110111100001111111100101
0100110010111110000100000011011001101000111011000100100110010100
1010010111101111110110100111100111110001110010111100110011101000
0100000100110010111011011010001110101001000111101000011110110000
1011001000000110001000101100000100011100100111101110110100010011
0101010010111100001100111100111101010001100011011101101001100110
0001001100011110110100100011110010000001110011011100001111000001
0100000101110010100010100110111010011101101001011010011001101010
0000010011111100010100110011111111011001000010101011111000100100
1111111001010101101111101100010110001110011111011111110110000100
0010110101110010010000101100000011000111111001011001000101010000
1101101101111101100110000101000010001111111001101001110111010110
0111011111111110011000111101010000001011101000011110011111101100
0100010111001011011011010001110000001101010000111100101010001100
0100110100111010001000100001011001110011011001101010110111011001
1110111000000010111001000101010111111111110000011110000100101101
0010101011110111000100010001100101111001010010010010100000011101
0001111011011011101001001000010001010111011100100010101011100100
0110101110101001011010001111010101011101101101101001001101100101
0010100101001110101011011001110110100110100100001110001001100111
0110101010101011011000010110110111111100111110001011111001110000
1001100000001000010101011111100011001111010110101010000110011110
0010100010111011000111101011011100101111100101110001111001101000
0000100000000011101011101001000101111000001011100001110001010010
1001100010000110010100111011111010000110110010011111011111110001
1001100100001011000100110101101010110010000011000110111110001001
1011011000001001100010000100011110101110000100011111010010100100
1110001100111000001110101111010110100111100000101110100010011001
1001000011010010011101001101111000001110000000111101001110100111
0100101111000001111010111001100011011100001111000101011100100100
1011100011000110010101010100101100001010111101111011000100011101
0010110101001100111100011000101000110100001110000011110110110110
1101011001010110010111000000100110110110001101111110101000111111
1100010010101111101110010011101110010010001101110101100010101000
1100010000110100010001111001111001001011010101111001100110001000
0011010100111110111001011001010010001000110101011010011010111100
1000100010100011010110110010110100101001100100110101011000010101
1000000011101111101110100011001100000010001100100010011110000111
1110011111111111011100111010111110111001111001011000000110110110
0001101110111011111000110110001111011110100000110111101110101000
1010111001011001110000001101001011111010000100000001001001000110
0100001110001000101100110010101111011101101010010110011111101101
1010000000111110110100001101110111001101000100111100101110111010
1100011000010101110010111111100110100001111110011011000101010000
0101111110111101111000110000101100010100011101011100101101000000
1001010111001000011100010000110110101101010110100001100110011001
1011101011001100101001000010011100100001110100010111111010010001
0000110000001101001000000000011011101000001110000010100001111110
0001100110100110100110101001001001100101111000101011101010011000
0110001100110000010010101011010111000010010100110000100101110010
1111100000011100110111100100100001001010100010011000110011001010
0011011000100110101011110001000011111101100001101001110000101001
0100101110010100111110010100110011000100010110001001001000000011
1101001101110101001010001111111100110101010101110100101110011101
1001101011011010010101010111011111110000001000011111001011100100
1101110001001010101010110001001110000100101111100101001110010110
0101000110001101100011101100001010111111101010111110011110110111
0011000101111100110110000101110110110001010111001001001111011101
1111010100101001000011011010101101100001011001010001011111000010
1011010010000101010000001000010101111111100100011001111011010010
1110011001001000111101110111011100010011110011001110101100111010
0100010110001011100010000101100001010101101001011000000101101110
1001100001001000010000101011110111110010011100111110001100011111
0000001010000101101010001100111000001100010011001001011101010000
0000101110101110010100000001010000110110100111010101111001100010
0101001000110011111001100010101101101011111000111001101001111100
1000010101001101101010111111111010011010010110110001110111101011
0011011011101001110010000111111101010101110011011100110110000100
1101111101001000011111011110010101110101110010111001111000001000
0111100111100101100111110111111000000001010011110110110100000100
1100110010101010110001001010111011110111010101010100010011110111
1100001010000110101100010010000110001100111011101111111010001101
0100001100101000100000011111010110001110111101011000000101100000
1110011101010010100100000001111000010110001010100100001000101110
1101010110011110011000100011001001100110100000100101110111110001
1000001010110000101001010010101101010011110101010110000011101110
1110111101010101111100110100011110110100100110101011110011111101
0001001111100100111011011010101001010010001100101111000101011011
1111000000101100111110110111101100111110101111001000101010010010
0000010011000000110100001000110011011100010100100101010100000011
1001101010111110011111011001111011111000001110000010000100100011
1001101010111110111011101111000011101111100101101101101011100111
1000110111001001101000101011100000100010110000001011001111001100
1110010110111100010001100001010011001101000101000101110111001111
1011010011001100000001011110111010011011101010100100001000010011
1001011011000110111000001111000110101001101011010111101110110000
1100001001101011000000101001100100100010010001001010111111001110
0110101101110100010000100001010000010100010000011001110100100100
1011100000110100100101100011000111100000001011110001011100000111
0011000000110111100111001001111000110001101100011110100011001010
1011010110100100011011000000111010101011111000000100100010111110
0110100011110100011010110110111111110101000011100010001110111010
1001010100100111010101100100011000001101011001100001111010111101
0110111110100100000001001000010110001000101111111101100001101000
1100000011010001011110000110001110001101000011001111111101001011
1101100001111001101000101100010000111010100000010100001001000001
1011111111000101100011011110100101111010100110100001000011001111
1011011110000100101111111111001110001000111111100000000111010011
1011001111010111101010111010101111010011000110101101000101011011
1011101100000011110010010100100110111001100100110100100000110100
0101100011000000110101011100000001011001100010000110101011001000
1111110001011001001111000001100010011010100010100010010010101001
1100101111010011111000010000010001111010110001000111000010110010
1101000011100001110010100001000110101111111110011000111001000001
1111101100000010110011110111101110000111100010001110100001111100
1100000000100001000100010100001011001101001101101101001010001110
0010101011010011010111001100110001000110001110111100100000011001
0100000011011010010010001110110010001000110010000010111011000110
1110000111101111111100010011101110100010010101110001100000111010
1100110001110100011000010111011011011000010100110000111101010011
1000110010001110101111110010010011001000001000001101001101101110
1111000000011100010100101100011101111111101001100100000110001011
1000111011001101110100000100001001110100001111100110011000010010
1100011011000010010001001100101000110000111101001101111100000011
1100100100001011110000110000110011011111111111100011010101110010
1001111110100000011100011111000001111001011100111000100110101101
1011011110110011111011101101001100000101100111001110000101011100
1111001101010100010011011101010101000010101001010101101111001010
1100101011011111011000100000001101111001011011111110000010111100
1111010100101010000111001110110001100001111001111011000100111111
1011101110000110101100010101011001111100011110100100000111101111
1100001100100111010100010010011011101011001111001110101011010000
1010010000111001111111111000110010010001101101110111011111111101
0101110110110011010110101000010101011001111001101000101100011101
0000011001011101001001011011010111010111100000100011101000010001
1010110010010001101101100110000000110110010110101010111010011010
1000001000010101100001111110011101011101000110010000111110110011
1101110011001000001010010100011001100000111011001111010000001010
0010111000101101110001000000100100010000010011001000010111011100
0101000101110000100101011000011101000000101001111001000011001111
0110101110111111001111001001111111001011100111011011111101011100
1010001110110110101001111000001100110001110110000001101100100110
0101010000101100101011001011001110111010110101001110001111000000
0100010011101001010001100010111011010000101100100111011010110100
1010011010011000101011001111111100110011100000001111010010000101
1000111010111000100111101001010001110011011111011101100011010111
0011011111001101001100110011010110010101010011001011101011010000
0111111001110111001000011111000011011101000111000011010011000110
1000110011000111111000010001010100011100010000010101110100110100
1101111011001000010010011110101011010010011010011001010110101110
0001101000110010110100100001011010011110011100001101010011000011
0100101011001111001111111110100010100100010001101001100111101111
1000001101111001101100101000000111110101100000001101100110110101
0101000111100010011000001011010001010000010101001110100100000101
0100001010101011011100100010101100101101010101000111010111001010
1011101000101100000111101000110100110011110101000011000000110100
0100111000110110000100110100000010010101100111111000011001110000
1000010001011101110011010100111000110000010110110111100100101010
0010110000011110000100101011111001111001011011100110000100111000
1100010110101001110100101010111010110001000111010110101011101111
0111100100101100010110010010101000001011000001101000101010010110
1101101011001110111111101110110110010010000000110101000000001111
1100011101100001100001101001011001000101010101010101111000100011
1011111001110100001011011100010100100101011111101000101111011001
1010000110010100110010111011001001100001101111110101100100111101
1010100011010000110110100010110100010000110001111010011011010110
0101111100101001100010000111101111100010101011001111011011010110
1000110100111100011100100000101010110110010111111001110011000110
0110011100101011100101011111011011001001110000111101010100011001
1111010010001100000100111110001010101011000000111011101100010100
0010011111100101100111000100101010111101010001011100111110010110
1111001010001000001110011000101010001001100010011111001001101010
1001101000011010101011011001111110010110011101000100111111110100
0111001110100100100101011111110101010000100111011101010011010110
1000101010011100010110111101001010111001100100010011001100111000
1100011100000111001110111001000011101111010111100110101100101100
0010100001001000100010001011110001010110110001010100010101111100
1001000000001001000010000111110010001001100101111111001111000001
0111101110111000010011000010110100110001100011011111000100110110
1100000001000011000110011010101010101001000011011100001000100011
0100000010001010001000100111011011110000010111001001011111101011
0000010101110010001110100000010111000011001001011100110000111010
0001101001001011000101010010000111111011101000010011011010101010
1010011010011110010001111011101001000110001110100011001111011011
0101001101010011100010001101001000110100000001010011010000111101
0101010111111000101110110111110000100000010101011111111110001110
0000100100111001011000001111001011100111011011111010111010111100
0001111100011001000110100000000010010010011010000001011101101110
1111101111100011110110111011101111000001011101101110000010100001
0111111111100101111010100100011101101110000011111010101011001011
0111111010100001101001001111001111100100001011111001111111000101
0001000101111010100110001111110110000000100111001100010010100000
1110101111110011101110001100010011010101101011011101001011100111
1111010011011101011001011111010101110000111111001011000100001011
0111111010000101010110001011111110110000100001101101001000111011
1000101000101001110000001001100011000111101100101011001101001110
1110011000001010101000010101110100101010011000000000011011001100
1100011101000001011000111001100011110110001100100101100101011100
0010100001100010110101111001101110010011111100100101111010011101
0011111101001001001000111101100001110100110011111111101011010000
1101000011110011001010010000011001100111111101100101010101100111
1001100001100101111101101111001100111010111101010011001000110001
0011001111011010110011110100011011110010101100100001101110000101
0010000010001000010000111110111110001001001001001001100000110010
1111110000010101010110100101001000111110001001010110000101100100
1000010000000010000011000010100111101110110010001011000101011111
1000101111111001101011101110101111011011110011111011000011011101
1011101100011011000011101111100110111011111011111000011001100111
0100110010011110001100010011011010101010110011100000111010100110
1011110101100110001000110011101001111000111010100100011001000101
1000011010010100011100010010010111011001010110010010010010010110
0100100011001001000111100110011000100111000110011001100010100110
0001111111001000001110100010001011001001010101010001011011000011
1001110010001011001011100110110000010110110101001010000111001110
1010011001111110111011010000010001101101001111101010001000000001
0011111111101110001011011101111011100111110010011101001111001000
1011000001010011101011101110110011011001111101110011001000111111
0101110111111101011111010100111111001011001011100001000000011010
1100111111110010011010010101010010000010111010000111101101010001
0110101000110110101010101101001000110010101011101100110111100000
1100111000000001000111000010010110110100101010100101000111001010
1000001110001011001100101101011101011001111000010111110111000011
1111110100001000000001100111011010011010001010100000111000011010
1101111110001111110100011000111101101010100001010001101101100010
0101011110111101111010101100111001111011000111111100001010100010
0111111111011001100011101110111000100000111010110011101111100011
0001101000100110011100000001101000001110010001110111100001010011
0011101101010001110111100001010101110001010110110100111110101100
1110010111110101010000000011100010000011101011101100000010111001
1010000010000011101001000101010111000111111011001100000001100010
0000111010010000100010011110010111111100101010001101101100011110
0001001101111011110011101101010001110111001001011101110100100101
0111100101100100101010001110100101001010101001001101101111110101
0011100011111010110000101001011000010101010110100100101101011100
0011010001110010111100111110101000010101111001111010011110110011
0100000001011000010000001011110011100111010001011010010000000010
1011110100000100110110111001101101101011101101100101110111001010
1100100101110110101110111100110000110000101001110011001011100110
1111000100010011001101101110100001011110100010101010011100101000
0011100011111110010101110000101000110011110011110011110001111010
1100001111111100111000011010100101100111101100010011000100110011
0110001100001001101000010101000001011111101111100111001110010100
1010110010010000001001001100100001110111010001000000001110110100
1101000100001110010001100111001010110111001110111000011110000101
0110101001011000001111011000000000101100001100010100110111111001
1101101000110101101010011010110111110101011100100000010001101000
0111101111100010111001001010011010001100000111000011110001100000
1110001111111100000110100101101001001101110101000110010010010011
1101110101001001101011100101100100010001111010001010110100100001
0011011111110111101111101010000011000110011011001111010011010011
0111111101101110110100110011000100000011101101011001101010111101
0110111010001101010100001101000110101010001010001000100110100101
1110000111000100101111101000110100110100101110110001000011001100
1101110000000000111111010001110101001100111011101010011010011100
1110100111001010010001100100111110100100110010001101001100001100
1011100000111011001000100001001110000111101001111000100111010010
0011101001101111110101100110010001011100001110010011111011110001
0110101010000101101101000100101001110101110100001001010001110110
1011010000001001010000001100001011011011001101010100010010111100
0111110010001001001110001110010111111010011100011111100011100001
0001111000011110011011010011110000110000000010010011010001110010
1001010001100011100010010001110000010000110100010110111110011011
1110001000110101111010111101000110111101010101101100110010011101
0011111001000011000100011100101110001101011111011100000101111001
0101101110101001110010011000111110110100100111011000000011010110
1111110111111100010000000011110001001110111010000101000001110011
0101011001011010001101101011100001101010100001110101000001100010
0000101100011000101111010011011101101101000001010100001010110011
1101010010101010000011101011111000000110101000100101010000110011
1010100101010101010101101000100111101000110001110101101010010001
1010101110111100100001010011101001111101111001101000000101101010
1101101011100001001000100101101001101100000100100101101000100111
1011100010101100011111000100101010010101101110001011111011010101
1000110100000111110110110110001010011010111100101001111100000110
1100010011000100100010010110100010101010100101111111100001011001
1011110011110001101101011010001111100110010011110101000101100000
0111011001010011111010101110000100110110100110010101111000010110
1010001011100001011100110000101101111101110010111011001010111101
0101110110111101111100100110001101011111111100001011110001111000
0010111010000001001001010110000001000101000111111110110111101100
0100100010111101110111110110100011101101010011000000010110111010
0011000000011101110100011111010010000101001000101110110111010111
0100110110111101100000010001011001111110101110100111110101010011
0101011101111010110100010001110010010000110000000111110010001100
0000010000100111001111001010010111101101110001000011001111100110
1110100010100001111011101010101111101001100111100000000110100111
1101001000000010100110110001111010110000011000011111101100010100
0000100100011000000010111101100000001101101010000011111001110101
0110110110100110011110011010110000001001000000100111011010011011
1100110010101101010001001110101100110001011100000001110100001001
0100010111000110010001101011110001110000010101110000010100000001
1000001011000001100000011111101010110010000110010111001000110001
1111101100001110011000111011110010101001010111010010001101101100
0011110001111010011101000101101101110110011111010101000011110001
0011110100110110111100110111111001111000110011110001010000000101
0100000010000010001010110000001001111101000100101100111001011111
0111110110001110011111010100010010100110111011001111101111111010
0100001101111001110101100110011011001111000010111100000011111100
1010001011111111111110110000001000010000011011110001111001101001
0000100011101001011010010001110110010001100010010010110011001110
1000010110011110110001110111010100010000101001100011011101101111
1101010111110110000011101010000101011011001110000111110100101101
1111101110100010010011011111010111001101000011101001111110101111
1101101001100111010010101010001000011010100010011010011010100111
1111001011110100011111110001010100101000010011001010101100001001
1000001110111000110111001101111101110011010000011101111110110000
1100111000101010110111111001001100011001111001011110101100110101
1101010100110001110010111110101011011011110011111011000011101110
1101111100111111000011101100100101011110000100000100110111010110
0110000011110111100101011101110100000001011110000001111110001111
0111011011001110011000100010010010000011110000100010000100001110
0100110110001110110110001110111100011110001001110111111110111111
0011100110000100101011110101101101010010101110101010010010101011
0001110101101010010100111000001101010101011010101010101011001001
0110111110011011000101111000111011011101010110110011001100001100
1110111011110001010101001111111011111101001001011001111010111011
1101100000011110010000001000111010000111100111110101101111100011
0000100101010010010010110001001011111111001000110010100110101010
1001010000110100011001110010111110100100100011000110011110111000
1010001101000101110011010010101110100111000100100110101101001110
0111111001001000110101001001111110011101011010010101111011111110
0101100101011001111110001101110001111110011110100100101000101011
0010111001101101010010110010000100110011110101000000111100101001
1010001110111000101001000011011111110011010011110100001110101011
1010100000111101000111010101011111110111110000111011001110100010
1001001011010011011111011111101101111111010001101001010100110101
0010100010011101101001010100110101000010110000101001110001001000
1111100101001000001100111010111110000110010101011001010111000111
0101001100011000001001111011001010110101111001011011000011101100
1111010011100000001001111111110011110101000001101101001111010111
0110101111000110010001111110111001000000011001010000101100100111
0111000010011111100111011010111101100001010001101111010100111010
1000000010001010111111000001010000011000100000100010010010110110
1000111111111101011110100011011110101100011100011001001101000011
1010100111001110101111000110101011010001001011011010011100110111
0001001010010001111100111011101010111110000101110000111101100000
1000101110111110111101000111110010010010000000111000001000111010
0100100111010010100000001111111011100000101100011001011101000000
0010011011101010000010111000110010011110011001001110100001011001
1111000011011111110100101000101110111011000011000110010001111100
1011101101101101010001110101101110100001101001001001010001100000
1011111010111000110110110000101001010110101000111101010101111011
0110010010100100001111000101110000011111000101100011110000110101
0100110101011010110111101011111000100000100110111110011011100001
1010100010000110000001101111110111100011101001010111001111110100
0000000000100100100010101010101000100101111001001110010011010100
1000010011100011111111000100100001010101001001010100000100011110
1100110110011110010001001100001110101101110100101100011000010010
0001100000011010100001001100011011101100011111011010011111010000
1100100011011111101111101110101100000010001101100110001001100010
0101111011110010110110111011011101010001000001111010011011011110
0111001111110000111011011111111010010111100001010000000110110010
0000101001101010000001101111000111001101000110010001110010111001
1011111101010110000101100101000011101000110000010100001001101101
0011000010001001000000100101010000111111001000010111011011000001
1010001110110110010011100001000101010000110100011110110010001111
1100110000001110111110110111001000111111000100110110100000101110
1011000010000111110110011101011100000100011101111000100011101101
1010000111000010110010000100010101100100001111011100110100000011
1000111111100000010111110100000100100010110010100100010101011101
1011110110001001010101110101111100110111100100100101100100001100
0111111101111010101110100010110100110100010110110100101110011011
0111110000000111101011100100001110110011000000010011111010011111
1100000000010010111000001101110111111001101001100001001011110001
1001000000110011001011110011100010100100011001011000100010010000
1101001111001011010011110100111111110111001010111110010101001111
1011101111001000011010110110101110111011100101111101110001111010
0001001110110100101010110100100010010111101000010010111101000000
0010110010110110001010110111111011011000011000000000111111010111
1110111011101010011000101000100111101001001110101001101010000100
0001010101011000011010011101111100101101001111100001111101111111
0101110000100000001011000001001000110110101000000110100111111100
0100101011111111011010001001101111010101010010010010100011011010
1101111001101111110110110001111010011001011011011000111110100000
1100011001011110100010110100001000001101010000011110001101110100
1010001010011001100101010000000011100010010101111000000010111110
0011001100110000001110100110111011110100001011010011000111001110
0010011011111111010111110101010001000101011100101100011100110001
1111011001101101110100001101001000001010110010000110011010100111
1001000000001110010111100011101010111010111101000111110110001010
0011001100001000011110001111010100010001001100000011000011010101
0110010011111000011000111110111111011110100100011100011001100101
0111000110100101111001110111010000111100000101111001010010001011
0010110010001000101011111111001100011110110111111001011010101000
0100111000000011101011100011000111111110011110000110110100111111
0111010101011010110010011000000110100100011011011000110000101100
0010010100111100010010110001100010000100000110101111011110111011
1001001011011000101011001110000011110000110101010011000010111001
0101111111010010000101101010110011101100100000011001110001001011
0000010100010111010011000011101010000011100010000111110100001011
1000011011010110000001010011000101111000100010101110100111100101
1100110010001001100011101100110100001100010110101001110011011110
0100110101011111000101001001010110110100110110000001101000100100
0111011010000110110000101111001111110001000101010000001011110011
1101001011111100010011110001001011111001010111010110100001011101
0000011010110100001110001101101101011000011101001000101100010011
0100000011111111100001101001111000110101000000111001100101100101
0101001000111110011001001100110011011100110010000010111001011111
1111010000110100110000011100001001000011101100001000101001000010
1000110011111011110110111000110011000100110000000110111101011110
0000111000001010001010100110110001101101001001010001111100101000
0110111111111111111000110011100000100110111100101110100011001001
1100000011111100110110011000001101001010101111101101110111001010
0010101001000111111111011001000010001110011110101100010000110001
0111001010000001100101010011100011011001000001110100100001000010
0011000010010111100110010000110010111101110000011000101101100011
0000101100001011000110000000001100000101010000011011110000110000
1000110011011001011111001101110100011010011010000010100000111000
0010111011011010001110000011111100000011000001001110011110000000
0000010111011101110110011010111111101001011001010001010000011100
0100001000000000011011000110100010011111101000101001111000001011
0011011010011110001000111000000000101101101110010100111000101101
1100111011010000010010111010101110110011000001111111110001100101
0100111000110110110101010101110110010110111000010011010000001110
0010100000101011101111000011010011000011111010011111111001111100
1111011100110010001110000100110001000010010100011111010010110100
1111010010000000001101110101100110011001101111011010110011001111
1101011010001111000010100001010110001100100000101010110101010010
0011001101000110011100110100101001000011101001000011100100010101
0000101100110111111011110001000100110110010000001011000011101010
0110000010111010110011010100000101110001101110110010101001011110
1000110110011111111001001101100110011010111000111000011110001111
1000001000011000011100011000010010110001110011101110001011111001
0111100100100010011110100001001010001101000011110001110100011110
0001101010001111101101010000111111100101101100101001110110010110
0110010001101001010000101001010100000001010101010010000010011100
1110011001011110111100101011101000011001100101101101000011111100
0100111001011101100101010111110000111101001101110000011110001001
1010100101100010100101010100000001001111100101010010001101001101
1000100101010100100010111101011100111000110101101001100010101111
1000110000111000010100001011111101000000000110110101100111101100
1011000100011101101101000000101111010000100000110001001101000000
0001011001101000100001011111001010011111111011001100111111101011
1010111110010000110011000100110101011001111101111011100111001101
1111000010110000001010111110001010100100011110110100110110000100
1011110110011101011000001010000011010000001101000001100110001010
1101010101000100110000100110100011101111011000110111000011110111
1100110010101010010100011101001100110111100100111101011011110000
1100000010011011010000100000011000100001000111111110010000010100
0001101110111110101010100101100011100001101000101001010010110100
0010011100100101010100101010010100011000101101100011000101101010
0100100000011000110100110001000110111111101110000110011101110101
1100000101101010101100001000010000110101101010101011100011000001
1010001111101101010111100101110011111010000111000100000100010000
1110110111010111000001111000111110010000010001011011000111101010
0111001010101001110001100111000010101001001100011010110110111010
0101100111001010111100100000100101101101011110100011101001010001
0101110110001011110011111001000001110010110010111011000110001001
0111010000111011000100100111011000111001111111110000110100011011
1001100111111010011000010101000100110101010010110100000101101011
0100010101101110101010011001101000001111011000111100110000000001
0000101001110000010101000110001110000001101001100100000100010001
0011010011000110101011110010101100011101111000101111110011111101
1101101010011011111010100100111111100110101001111101000010010110
1011000101110101111001010101110010100110101100101000110110010101
0001000111000000110001001110111111111100000001001101100100000101
1100000010100111000101110010111110101011100010011010001000011100
0110110100100110011101111000010001110111010101011010110110011110
0001000010001010100010111111000100100001010010101010101100100111
1100001001000000011110001011000011100011001111111111011011111101
1111000000110001111000111011001100011110010010111001010001110010
0001110110001111110101010011001000101000000001011011000111110111
1011111111100100011001011001011100001001010101110110011111110011
0111010010111001111000110111001100101101101110000011110000001101
1100110100101100110101001100011101011101010111001011001000010000
1101100000011111011111000001010000010110001011110010111010010101
1101110101101101010111010100110111000001110001000001010111111000
0000011010010111010000000101111110111000111001100110100101011000
1111101010101111100001111011110111010100000010010001101100010110
0110010101111110010110011111010000001101100010100100010111011101
1110011100001100101000010011000101011111101011011100111110111001
0111010101000011101001111010001011110000001001010000111000110101
1011100110000011100000010011110100111111001000100010111100010011
1101110111100111100101011010011101011100010011100011110100011111
0010111001010011010100100001001011100111001101100010101011010010
0000110000110110101000101001001010101111101000101100110110001110
0111110011010000100010011110110000111001000001100010110110101011
0101010010101100110101101010100011001010111100001100110101001011
1101100111001110000000010110010000010100010001011110101011010001
0001111110000101111000100100011111001111110000100010000010010010
1010010111000011010111110010011100010001101011001011111010011000
1110111111100110100100001100100010101111100010100111111011100000
0110101010001001010111000000000010010101111010000111011101001111
1000011001100001000010000010110100111011100101100000110111110110
0111011110001011001001010110111110110000011011000100010101101000
0000000001101011011000011101101001001001101111100001001000110110
0001101111111111011000011000110000101110010110101101110011011111
1100010100100000111010100101000111001000011000000011000000100100
1111100011100000110110101001100101111001101100100011010101101111
1001100010010100101000100101111100110110111110110010001011001111
1110000110011100000001101010010000111001010001000110001001111111
0111011000011010101010001110101011000101010011111101110100100011
1111011010000101101110101110110111011001010100001001101100100101
0110100000011100010010111101110100011110010010101101101010110000
0010001000100001101011100101011011000010010001100111100111000001
0011000110011001100000000101000010100000010010001101001000000111
1110100100010001101101000110100101000100001001110100000110101011
1000110000100000011010000011000000011111101010101111110110101010
0010010010010111001111011100111100011111000010001100111001011101
1011110101011011011110010000010100011011000010101100000000110000
0100001101011001011101111111111001111001101011100000010010111001
0111000110101000100110110000011001101101001000011011100000100111
1010101001001110110100101000110111010000000111110001011001100001
0100101100110000111001001101101110000100110101100111100000010101
1101010110010100001111110001100001001000000000110000110000011110
0110000110011101000010011011011010110100011001001110100101111100
0001010001101010000111111011100100110010100111111101010010001100
0000110110010101111111110111010010111010101000010000010010110010
0110010011100101011001111111101110101110101100101001101110111111
1101011000100100010001001100100001100110011100010100001001010001
0000101111000101101010101001010111110111111001111101010011110011
0011110010000110101011100011110010001001110111011011110011000111
1001100101101001111011100001100000011101101101010011100001011010
1001100111010001001110010101111000001101000001110011011101110110
0111100111100100101001010110001110001100111110110000001001001110
0111101101100111001100110100111011111010100100101101000111011001
1100011100100111011100000111101000111110000001001011101000101101
0110111111111100001100111001001000101000111110001111101110110011
0010101010110000000010001010100000110010100100101001100110101001
1010000011000010101010001100010110110010111110100000010100011111
1001001001011000011111111110011000100010000010010011110001110011
0111011000101011110000010110100111101010000110101101101101011111
0000001100100101001101111000011100101000100011110101000000001001
0110111110101000011001100011111110001111001110100001101110100110
0110001010010101101100011100000000101100110110101001101001000010
0101111010110000101110000100110111011110110110101011011110101111
0100100111101010100000001010011000111111101110000011010000010111
0000011010011110100000011010011000001110100001100111011110110101
1110110101100001100110010010100100100101011111001100000101011010
0001001010010100010101011111011111101101010101111110010110011110
0010101101110000000101000101000101000101100111000100000001010110
0000111000100010111101110111001110011011110100101111000001001100
1011111001011100100110111101110011010111001000010101101111101011
1001001110001001100011001101010100110001111100000100011100100000
0001111101101101000001101010101101101000000011100100001110110010
0111001000011100001101110011110101010001010100111101000001111111
1011100000000000011101100001110000000110010011111101100110110100
0010110000101011010001110101011101111100110010100001010011100000
0101011100000011000000100000010000100100111111101111001001110100
0001001110000111000011001111100011010110001110000000111001101110
1101101101000110111010001011010001010101000010001000110101110100
0010100000111000101010001001001101101110100101101010010010111010
0100100111100110000111101001101010010011001100011110000011000110
0001100000001011001001111111110000000100011011101011101100011100
0010011010101001001001011000010111000010001100010111100011111110
0101001011001001110111010000001000001101111000110011101100001011
0110011110011010001011110111011000111001010101100100110000101000
0010110111100111001010100011110100000011010000110011100011010001
0100101011011111101111111000010101110001001111001011110011001000
1000101001100111110111111100011101010110111000011111110100010111
1000000100001000101001001010011110000100110111101100000100001101
1001100001100000000001100101010101001010111001011111111101010111
1110101010001001011000100011100110000011100100000110101011011110
1001101011100100101010001001010010101100110101000111000001100001
1000000010011000111011111111001111000111110110100001001011100010
0000010111000110011100100110010110100111111111100110000110101001
1011101010111100000010111111111111100010001100000000111010100011
0000010101100000010110100011110001111100111011100001001011011101
1110000000000111110011101010011111110010100100100011010110101110
1011011110001010110010011000011100000010000110101000101000010001
0110110111100000111111011001010101110111011000001111101010011001
0101011011000010010110100001010101010101111010100001000100100111
1011011011101110000001111101110010000011100110001010000001101011
1100110010010100110000011110000110110111011010010111010111101111
0101101011010010110000001100011100101101110001000101001000101010
1010100100000001000111111101001111110010000000111101100010111110
1110010101100000000100011111100001011100000011011001100101101101
0001001001111111110011000110010101011010110001011011010111101001
1001100111110110110100010111000100010111110000101101011100001111
1000001111111000011101111111111011010110001001010010100111110001
1001101101100011100101000101101101110101010100000100011100111011
0101111100111100001110001000111101111100101001001010111011111100
1100100111110110100110000000010100110110011101101000100100001110
0100111001010000010000101100110110110001010101101110001110111011
1101001001111100011011000010100101001001011110010101101001000000
0011001011000011101000110001010010110111000001011001110111010011
1000101111100110101110011011100001001110110111101110011001000000
1101110101011010011011101011010110111110010111101010110111100011
1110001101011100010011100100000000011111011101000010110101100110
0110101011111111101010011100111101001011010110001000001010000111
0101010010111110001011101011000001111111000001001101000010001000
0001010011001011010100111010000011010010100110100000001001111011
1010000101011110001011101010010001001100011111001110101000010111
0111110111011111011001011010101110010001111010001001110001010110
0011011101101010110101000010101100010000110110001010111101110111
1000011011110111010001111010100010010000100001111101000111011100
1111000001110001011011001010001010111100111011001010011100001010
1111011101110111000011100110101001000001101000101110010110111001
0101110111111111001110111010100011100101101110100100011111011000
0000110011110101000100011001011011111100000010101111100010001101
0001110011000011010110101110110110010001111110011011001101000010
1010100011011001000111111010010100010101011110011000111010000010
0000011101100000111001001111101111010001011111100001100010100101
1010100100110100010111000101000011000101001011010000011110000001
1110111110001101110010100110011001110011001100101001001110001001
0100111011011111010111010101110110010000110110011101101010010111
0110110100100110100000000111001001011101010011100111100010111111
0111011011000110011001001100111011100101111111111110001010011010
1110010001100111010001010111111100000001010101011110001111110110
1001001100001101010111000111111111010100111000001000100101000111
0101111100010011101000010100100110000001000001101101111101101001
0001010000110101101011011001110100011111011010101101111001100001
1100100011000001110010000001011010100101011100011100010000010101
1100111011111000001101000010000010100111010010010111101001111000
0000111011010110100111000101100110010011100111010110001111100010
1011000000000111101000111010111011001101001011110110000101010111
0010000100011010011110010000010111000110011000010011010110111101
0010000000110011100111111011001010011001010010111111001000100001
0001110011000001001011010000001011001110111100110010110000100001
0001101000000001000001010111110011000101101100000111100001101010
1110010011111101101110010000001001111111010101101001000001001011
1111101100101011011000111011111010101101011100100001001111001110
1010010011110101111000101001011001110100100001000101111110000000
0000100010111001111001011011011000011010011000011110001000110110
1100000110011001101011110110101011110000000011101101101111110011
0010011110100010001001001111111000010011111110000001000111110111
1011100100001010000000101101100000000001010010001011101100100001
1011101011110010010000101010110111100110111100100011001111100110
0000001011100111010100101111100010101010111101011011110100111101
0001011000000010101000100000011101010100110001110100011111110000
0000110111000011001101001100100111101101011100101000100011100111
1100011010000000111000011001111001110111110000100011111100011111
1010011100000010001000011110010100001110100101111001000000001010
1101110110000001110001110000000000101111011101111111100000011111
0110010111010010010011010110001010000110101011100010010011001100
0110001111010110000100110011110001000011001001101011000110011011
0010000001011000011000100101110010011010011110111111010101110110
1010000111111010001110111001110111100101111111001111001100100111
0001100000000100010010001010110101100101111010111011000011100100
0100011010011011001110010110000010001000110010110011011011001100
1101010011100110001000101100100101001000001011111111001100110011
0100011000110011001101100000100011110101010110010110011110101110
0011101011000110110001010011000110110010101111010101111110011000
1101010110000010011111011111000010001101010100010101000111010101
0100100101100001100000000111101010101111111101110101001111011101
1010100010111100100010101010011000101001100001011011010010111001
1000100010011100111110011100101111111110100001001110011001001000
0011010011101110000010111010001101100001010110010100011110101111
1100100011101110100110000001110000010100011110111110100000111000
0111001000011111110101000101000101101111110000001001100010101101
0010000100110110101110101011000011100011101111010100001011110000
1101010010011011110000000111101011101101010110010010100001101001
0001111011000000010100100010111010100010101001110001111110001011
0011001000011111000110110011000101100110110001111011110001011010
0111101001101001101000001110001111000011010101010110110001001101
0000000011001110110010001010001111101100111010010010100100111001
0100100001101010011010100110001101001100111100001110000001110000
1111110000000001011100011100010000010110100111010100101000010111
1111110011001100000001000110110111011000111000101100011001011010
1001111110010011010010100101011011001001110000101110100000011101
1100100111010110111111100101011000111110101110000011000111000001
0000000000011010110110101000111101110101111010011000011111001100
1011100000111011011111000001100110001011101110111110010011100001
1100101100110001101001111100110101100010111010110101000101100101
1101011110001001110011101010111101010101011011111110011011011101
0001110011011110100010101101101101001111011100100001100001000100
0100110000001001101101101101111000010000010110011010000100111010
0010111010100001101110010100111100111101000111000011011111110011
1001110001001110111001101000111101011010010010011100101010011100
0111110101110000101010011000111001001001000010100000111111010011
1110100011010010000110011001001111111010110001010001010011101101
1000111110011011010101110010011000011110100011110000000011000101
0000001000001100011010111001111100100000001001001010111110010111
0110010110111001000010100111100101011111001010100011001100101111
1011011001110101101001111011110110010000111111001000000110010000
0001001010000110111010110100101011110010010110000101010010111101
0000001101010000001101100010111001101101000110001010110111010010
0101110010100000000011011110101011000101110111111001001111011110
0111101101100000101111100000100000000110001010001010110111101000
1101100010010100101101001000001110001010011100010010010100110011
0000100111110000100010100110101000010100101101111000010111100101
1111011111110001011110001101111001001111010010011001010001000001
1011001110011010001111010100000111010011000000101011000000000001
0110111011100001100111010100101010000101110100111000111001001100
1100010101000001010000100100110110011000111100000000100010001110
1001000111011000001100100110111000111000110110110111000010011110
0101100100101111101100111010011010010110111000101101101101001010
1011011010001011000001100100001100101110010101001110100101110010
0001101101111010100110000001110110011001001011100010000110110000
0000000100100010101111010000001110101000010001111011011101101011
1100101111010000000100001010011110011110010011001110111011101011
1111100101010111001111110011010010100101111000110011100000110001
1011001001010100001110010010010101110100110101101011000011111110
0110011000001110100110111100111110101010010101101011111010100100
0110011001000001010000111010110101010011010110000010111111110111
0100001100000001110010011111011010100111001110110111100010010010
0011010001100001000111010010001010110101000111110101111111010000
0101101100100111001101110001000001111100111010000000001000001000
0010011001001000111111001001001101011000110111001101001001000010
1001010001110001100001110011110101100011110011110110101111110100
1110000110001000011110111101001111111001010011000101111100001100
0010110001011001111111101111110011110000011010010111001101010000
1010101111000010000111101110000011100011110010001101111000100001
1010011110010101100100011111001100100100000110001001001001110111
0000001000000000100010000110000101011100011110001111001010101100
0111011110101000000011000010010011000100101000001110101101100000
1011001011001010100011110011011111000001100100111011101111110100
1010000011110000001100100000010101011000011100000101000110000111
0001100110110101111100011011010001100011010100010101001010100100
0000100000001000011101110110101101101010010101000001001111001101
0011000100101101100110100010111101111000111100111011011001000110
0001100111000111100000011100011111111101101011011000111000001010
0001011100001110100111011000101110110110100000001011000010111010
0010010111110101110110100101110101100010011000101111100001011010
1110000000110011111101110101010001100011110100011011100011010111
0010010101000111100100010010100011010111001000000101011111010000
0101011100110001000110111010001111111101101001000011111001100010
0001111001100001111111001000011010110011000000001010001110111111
0100110101111111011101001100000001000110000111101100111000111100
1000111010111101010001101010111000100011110101110100110100110101
1100100111010110111100001111110000000010011010010110111001000001
0100111101110100011111110111000100101111011001000110100000000000
0100110110011010001000011001100100001101000100010111000011100011
1000100100011100001100010001101010110111111010111010100011110101
1101000110111111110101001010110011111110010110001101101111001000
0000000001001100101011000011110000011001001110000000110101010110
0110100000010101010001000101111001110011000111111110001100101101
1100111000001100001111010001011100100010100011100010100111110011
0010111010011101001010010101100100111111010101011100000110001111
0111100000101101010000000011111100111111111011010011100000010001
0111001011001001010100100100111011111101100111011101111000111100
1100011100000110000111000000000100101100110111111010011111011110
1100101001000001110000011001000101000000100011100111100011011010
0110100010110110000011010000001010110011010000010101101101001011
1001000110100011011111100011111011110001111001110111101001000000
0001100111101100101111111010011111111001110001101000000000010000
1011110110110110010110101100000110101100101110110111111110100110
0000110101111010100100110010000111000100100000011100010000000011
1100011110101001100101000011001011110110001011110001111110000001
1100111001001001111110111000011111111010111001001011101111011000
0110110110010101100001010111111000010011011110101101110111101010
1010110011101110001101001100001001110000110111110100110010010101
1100001011100001001111111100101011001011001000100000010101110000
1010111111010111101110110101111111001011010110000000100011001000
0101111001011110011011110101000000111111110001101101101110011001
1111100100110101010111001101010111110001001000000110110111000001
0111010000010001100100000100111010101100101000001110000001110110
0100110000001101010100111100100001011011001101101000000101001011
0100100000010111100100010111010111101010011111100101000101011011
1010000010011000110010000111101000010101011111010011011100110101
1111011110100101100111111011111001010111101011011010111101101010
1101001011010101010111111010110011010110010101101000001110110001
1100110001110100100011111110001101000011000110010011101111001110
1000110100101000101010101110100010001100011110001111010000110101
0100000101001101111011100001110111100001110010100010110000101111
1011010000101100000100111110100110100100000100001100101011010000
1101100111111111100000111010101001110011000010111101001100110100
1000011011100110100100111101010000101110101101011110110110111101
1100011011110100011001110101100001011011000011001010010111000011
1011001010100000010000110001001100010110001011101011101111100101
0110000011001001100111001010001100101010001100010011000110001011
1010001001101100111001011011111101000010101010010110111001011100
1110101111111110010011100010001000010001010110110001100011100110
1000000011111001100110101111101100100101010001000111101000000011
1000110110010100110010101100111100011001000010001111101010100111
1100111001010111111101011010000000100111100010100000111010000111
0010110110100000101011011110101001100110100100010100010101011110
0001011000010001000110111000010010111010100011010000111110010101
1100111111001100000101111101000110110001101110011110001110001101
0010101000011111000011100001101111101001101110100100000100000010
0111000011101101010100100011100000011110100010010001100111111000
0001110000100011001110110001110011100000001010000011001110011100
0011110000100110100001110010000001100011110010000110000101110000
0100001011111000001001010001001000000000101100010100000001101010
0000010010000011010000011110110101111100000111010111011101011100
1100000000111100101011011111111010100000101011010000100110000110
0001100101101011011001110111110010111001101111100110110110101111
1010010011011011100100101110101101100110111000011011011010110111
1111001101111100001000010001111001101111100111011001111010111001
0010111010110011110000000010010101010110001110100011101110001100
1011010110010111011101100011000101100101100111001100100100100010
0101010110101100110011000000101010100010001110010000001010010111
1110110000111100000000001001100111001000101110100001011001001110
1101101101001000011100111000000001110100101001110101011101110011
0011001001000010011100111100101011110110011000011110010001000111
0100111011011000110000110001000110011100010001110101111001000010
0011000011010100010110100011010100000110011011001111110010101001
1100011010011000010111100000100110111110011101011010001010110001
1100000100010101011101000111100011001100110110101001000000001110
1110001011100001000111000011011101010010001111010110100011101100
0101010101101110100111010100010011111001100000100011010001110001
0001111000000011000010001110011101100111011110111001101011011001
0110001110011101110110100101000101001101001010010101101100010110
0110100100111110100011110011111010010111001111101100110001010110
1110001011111000101110100011110100000001000101110110000010111100
0010111100101100101001101000111011110110001010100100100001100101
1101000000011010100000000000110101100011001110010100100101110101
1100010001000100001110000101111011111011001111101111001111100011
1101010011001010010001111110000010011000000110010011110110101010
1110000111101010011100001110001101000110111100001011011000011010
1111001000000011001100011010101010111010100011100101100101000110
0011111000000100111001010010001010100000000001001100000001010101
0100101101000111100110001010011011110001000001000100000011110101
1101111010100000001111101001000011000000001100101100110111000011
1110111101011110111010011011011010010101010110110000001100011010
1100011010001001100110110000010110101100100100010011001011111010
1000101000100011000111111101110111111100000111110000010001011001
0101100111110010101101111111001001111011111011001100010100101000
0010111100001111101010010010111001000110010110011110001001110000
0111001111000101010111011011011011101101000000101101010001101001
0100101110110110100010110100111000001000100010010110101101010101
0100010010101010011001110111110101100001001111101111001001001000
1010100000100001011011000001001111001001111000100000110000001101
1000111000000001001101011101101110111011111110110110110110011111
1100111001100101111000111011011100111110001100101101100111111110
0001100111001100101100011111000101101101101001011111100000001010
1000010010110010110100101110110001111111000111000011100110001010
1110111100111001000101111001100010001101011000110111000010110010
0100011001011001000001100101110010111001101101110111001111011011
0101000101011000101111111001001000011001011110100010100011110110
1001101011101000010000101101101000011100100110110011011110000101
0111111101110110110101110001000100011100101110111111111110000001
1011010101001010011011001001001000000001101111011001110001000111
0101001100101010111011001001111101111101101000111000100011001111
0001010011010100110000001001111101001011110111100100000010100010
0001100100000110000010101000011001101111010001101101001111010000
0011110100111111101101010111011111011100100111000000100010000100
0010000001110001010010001101010101111001010010010110110010110101
0100100111000000101010000111101110000000100001110110110011011000
0111000011010101001111011101100111010110101010110100011111101111
1101100000110010101100010001011011000001010101111111111101101000
0011101101001101110111100010011000111111111101111110101011001111
0101000110010110111011101111001101011101101101100101100011110101
1011000110100111111111000001111001100011100100110100111011011111
1100001110010011100110001110000100100101101011010011000100010001
1111110110100011010001101001011000010100010110100101010010001000
0100100101100011010110010100110000111100010011110100010000101100
0101010110000001100101011101010001001010000110000010111110011100
0010011101101101010110001101110100100011101101110000000110010001
0110111001010111101011110001100011110110110111010110110011011001
1101101111011001111111010011111011111100110011101110000001011111
1001100100011001110011011000010010000101011010100010100100000000
0100111000101111010010110100010111001111010110001000000000101000
1001010100011111110100000111100001100001100010101000100101101111
0010011101100010101011000110110000100101000010111001000100111110
1011011011101101000001010101100011101111010100101111110111011011
1010111001001100101101101111000010011111000111110011000001000111
1101011010011100011001110001010011011000001100001001011000101001
1000011010100100101101111110101001101100000010100110110001000010
1110011010111100111111111100101110111010001111111001011010111111
1010100110101000111000100100010101000100110001111101011110001100
1001110111110001111100100010100110000010010101101010000100111100
1011001111001101010110101000010001001010000100010111000110101100
1110100100010100001001111111001111010010010101101001010000101111
0010011001100000100011011011001111101111001000000010101101011010
1000010111111101001000110010011011010101001001110001110010001001
1100111010111110100001000110010001000100110011010101000101010100
1010011010111011111111101011101010100101101011010101011001101001
1010000001010000000011011110001011011011110110101011100110111100
0000001000111111011000000111011111010101010000000111000101010111
1000001011101000010010100111000100100010110111001100001111101000
1011101001001001011111011010001110011001101001100010111101010011
1111110101000101100101111010000011110000110001101001110011010100
0010011111001101000111100000101011100101010000001111110110010111
1101010110010111100101110001011011111111101001001000001100100001
0111110000110010011110101100111000101000101000010001001101000111
0010101101010111100001001001101100101110111011001011001010010100
1101010000101000010110100000000010011010001110010001110111001100
0010011000001110011011011010001100111100000001101111100110001111
1111011111000001100001011000011111100010101111001101001100010101
1111110110101110111001101101000011110011000101110110000100001111
1001100100010011101010110000100100110110011010000111011110010010
0111000000011010011011100110101000000001001101101111101101000101
0111101000110111001101111110110010000110011011011110001100001010
0000010101110101110111001111011110001000000111000010000001000011
0100100011010011100010000101001110101000101110011101011101101011
1010100101110001001010010101110011000110111101000000111110101101
0010101100110010111010001001000011110000001001001111110100011110
1111010111111011001000100111011110010110110001011111000011011110
1011011011001111110101011010001101010011111101100100101111101000
0010100000111011000000111001100101110000100101010111011001101011
1110100111100111110111010011001011101010111010110000010111111001
0010111111010110001000011011000011110011110100101101011111101010
0100001000000101111001110000011001101001111100000011110010011101
0010000110011101111101000001101000100100101000110011111010110010
0101000100111011011000010010110011011010001010011001110110010100
