1011011101001110111011011010110001010111010111111111000111011110
0001111011000110100010001000000111000101000110001101100010111110
0100111101111100000000000100011010110011111101001101111101110101
0111001000110101000101100110001011111100100011011101100001111100
0111100101101010010101110001000000111000110011011010010010111101
1111101000110010011100100100001101100000000010111101110010011011
0011101110010101100000000110110111100100111111101110000100011101
1110100100010001011110001010101011001001011100010011100101111010
1010011101001101100010000111011000001001111000110001000001000110
1111111000111001010100010001001101101111001101100101100010100010
1001110000000101100110110011110011000001110100100100110111100010
1001011100100101001000110101110111110000000010001100001000110001
0111101100100100110001000010001101010111001000001110011000110011
0110001010001101001010101010001101001111011011111010001000110011
0110100100000110110011111111110011111111010011001011011001000001
1110010010100100001011100000101010010111101100000010010011001010
0011000110000111010100110011100100011000010011110001110111110110
1010110000011000100110010111011100010101001011010101000011111100
1111001101010100110100000011111010000101110101110101111111010110
1011101001011000111000100010101110101011100101001010010000110101
1000111011001000100110010110110110110111100010101001100011100000
0101011000110010111010000111000110000000110011001011001101100010
1000010000100000001000010011111000100100001100000110010111010001
0101110111110000000001000001000100010010011101101000111000110101
1110011011011100100010100101000110011111101000010000001110110110
1011101001100001110101011100010111000001000001001110010000111010
0000111101101011111001100000110110100010111011010001010001000011
0011110011001001111100011011101101000100000000010000010011001110
0111100011011111011001110110000010011101111110011101000010010010
1100001001010011100110010110100000100010011110010000011001100011
1010101000001110100010111100100001101100000110000110111010101110
0000000001011101000010001100000001010100100000010101110000000010
1000000000111111100000110111111110000001101011110101010100111000
1000001111100000000010101101110011010111010101100111000100101110
0001000010001011101110110001011011011110101110001011101010001101
1101111111111001000000001101111000110111101101010111011101100001
0001100101110100110100111110001011110010101100000101100001101101
0110000010111110010100010010110110010011000111101111101111011011
0100110011100000110001100110000110101001110010000111110011011111
0111111101101000011000000111111110111010000011101100001111110010
0010100001011100000111101111000110000101100100000111100111000101
1100001111101010110001010011001110111001000011001011000101101110
1110101011010011011010010101101011100100000001001010010000110001
1010110000011000010010100000000101001001101110111101101000010010
1100001000111100001111110101101100010000101000001011100010010010
0010000001010011001010110011001101011001000100101111011110101001
1110010111111111100010011011010101110001010111111110111111011010
1011110000100101101010101010101100010111011110110100000111011010
1100100110100100001011011110110010110001100000110111110100100010
1101000110010111101010000111111101111101011011011101011100110010
1101011101111001010010100110110101001110011111011101000010111000
0100000001000100001010010111110011011000110100111000101011110111
0000011111101001101001101011110111100010011011011111101010110000
0011101000111110001010101111010100010000111001101000010000110100
0001100111111011000101100000001010100100001101110100110001001101
0000100010110100010010010010011010100111011100011111110010010001
1110001011011100001110001101101010100111111100110111100111010000
0111000111001110101000111110001001110000101101001000010001110110
1101110100111000010010110000011111010001001101010111100100010000
1000000000010000000001010000110001100110100001100000111011111011
0111001011110001001011011111100111111000101010101110111100110101
0100000101101001101100001111111101100010000000000001110011001111
0000100111011010101001111101101111000010110000011011100001001011
0111010101010111001101101010100101010100001100011001000001111111
0110101001110101000010010110010110011110011101110110011111110100
1100010110000011010100101100100001000000111011111010001111001010
1010110010000101000000001001011001100010011100011000110100001001
1110101000000010001100100101110010110101011010100111110100100110
0101100111101011101001111001110011000100111010001000101111001110
1011001011000011101011001011110011011000011011110111111111000001
1101100111101001011100110110010001101110000111110111010101100100
1011100101000010011011100000011110000011001001000010010111100110
1000111000001100011001110100011110010101010110101011010000010001
1101001110111000011101010111110010000111100100100010001011001000
0000001000001000100000001010111010001101011011110100101100001100
1001101101001110010110111101011101111111111001101101010000001111
0111110101101110110110001111101010000110111111101110111001010100
0010000100010000101000000100011000001101000011110000100000110010
0110001101000010011001001011110101000110001111001000101000000010
1011010101010101111011001100001100101000011001100000000001101000
1001000011001111001111101111000001011101000001000000000010100100
1011001010001111011010010111000101011100000110111100000111101110
0101011011101100011010000001100101010000001100011001000000001011
1111010100011100111111100010110000001110011101011111110001110110
0101100011011011000100101000111100000111010101010101111111110101
1011001000111010101101111101011110101110001011001000010000100000
1110101011010110100011100001001010111110101010010110111101010111
0010000110110110001011100010010000000111011100001010010110010110
1000010100001001010110000001100100101101010001000110000011001111
1110000110001111100110100101011111001001100011010010101111111001
0010011110000111011100011010011011111001010101000010100101001101
0010101011010100000111011001011101111001010011100010000010110010
1111101100101101000000110010100000011011000011001000101101010010
1001011010000111001111100100011011011011011011011101100110010100
1110101110010110100100000110011100010001110001111010110100111100
1010010010011001111001000111111111010000011010110111000000101100
1010110011100001011001011011111001101101100100101110111111010111
0111011101100000110000001011011000101000010100101000100001110010
1101111101000000001000110010000111000010111010010101111011110001
0011010110110000010010001001000000101010010011011011111011100100
1110100101110101001101111100110000101101000111110001011100011001
0101111011001001010010011101101100000001000000000110000110010101
1111100001111011101011001110000010010101101111110000111001011000
1000100010100110110010110010011110000110110100001000110010110000
0001111000000010011010000010001111100100101011011000001100010101
0000110000111111110010011100110100010011011011101100101101100110
1101101000001111001000001001101111111110100000111001010110001110
1011110011100000100100111110110111111110010000100010101000011100
1001100101001110000010100000000011100100101001101101010001000100
0010111100010100101101111100111001110100110110001110011010101001
0011100000101010010110110101100111111111000010010001010110010001
0010001011110000000100011101000000110101010110000011101100000101
1001010110101011110100100010100101111000001000000110101010110000
0001011100010001101000100000001100110101001010111100010000010110
0010010110011110011100011010111000011101000001100010110101100101
1111110001110000101010010101100001111111101101011000000111111110
0100001010001010100000100100100000101001101010101000111101010101
0010000101111000001010100001011000011111000101110001011111011011
1011001100110011010110011101011001010101001000001100011111010100
1100101100011101101000010101101100010110111101001111011000110111
1000101010101011001101100000100101101100001110000000101110001010
0100001101111001000111000000011111111000111000101101000110111110
0111110101000011100101110010110101011011101011100110010111101011
1001100111000001011000101111111110010100001110001001001001101011
0101011111001011011101000011100010111000001101000111101010101000
0010000010100100010111101001001101011100100111101001101100101001
0101000011010011010000110000101001011001111001110100000100110010
0010100000100110111011010000100110011001010010000010100110001111
1101101001111011011110010111111100101000000001100001100000001010
1111111111000011100100100111000001110001100001100011100100010111
0010111000111011100010110010010101100110001100101100010010001001
1001101000100011010000000001011110010110100001000001011000000011
1001100110001101101010101010110010000001100001010011001101010101
0011010111011011000111011111011001100100010011010000001011111100
0010101101100101110001110011001111010010101110011001100110100111
1001000001001000111101001001010000111100101110000110100000110011
1111001010000111001011100111000111110111111110100000110010100010
0010011110111000000110000101011111101110010011000001110001001001
0011010001111101111001100101011010010100101110110001100011101010
0010011010101010000110000001010000010011010011110000011111000101
1110110001001111011001101000110100100111001110010111101011100011
0100011110110001000011010100100101010010010101010101110010111111
1000010000101111101110011010111011000001100110111010110011111011
0010101011110100101010001000110010101011000111110011101000110011
0010110100000011000111111110001101101001011011011101101111101000
1101001010111110100001001100110101011011100011110010000000000100
1000111111101101011101000110110010110001011111100010010011010000
1101111111110001100000001111101011011011000111101111010110101110
1010100000111001010101011111000010010011100001010001011011001011
1010000000010111001100001010010110011101011101111011000101011001
0001001010100001111001011011100100011011011000110110000010001100
0000000001001101100100000011001011110110101101000100110011000101
1111001010111101111001101110111111101000101011110011001110000101
0110101101001000000001010100100001111101000001011110011100011010
1111010111001011010011010100111110010011110011100111011111100011
0110101001000010010001010001101101000000101011111101010000010100
1000000101001110001110111110010001011010000101101001010110101100
0011101100001100011111101010110000001001011101000101000110110100
0000111010100111101101101100010010101011011000001010101101010000
1000010010001010001000101110100011011110000000010101011110000111
0100001101101101101001010100000110011011010010100110101010001011
1001011000100111110111101000111000100000100000111100110001101011
1001100110100010000001101100100000100011011001111010011110110101
0101000010100010100010110010111100100010111101001101111011111100
0100011110101001100100111001011001011001101010111100100000000001
1101000110000010000010011101011100000100100111110111010010111101
1010010010000100100110101011100110100001110110100000000000000100
1000111000010010111010010100010101010101011000101000110101100010
0111101100000101110110011100101000001110011010110010110001000111
0000110111001000100010000110101100001100010000100011101001110111
1001100011101100100011101010100101011101000011000000010111101010
1100010001000001110011010011110101000110000011101111110010001110
0111001010110000000101111110101110101011001001011001001100100010
0000111000000101011001110110010000110011010101101010100000011111
1110100101110010011001110111000100101000100000000110010011000000
0010110000010010101000101110101101011010010001000101000000010000
1111011111111000000110000111000100000110100101101010001010011111
1010110110100001000100110011111010001100110010101110011110010100
0011101010001001111110011101001111110110101011010011111101000100
0100101000001010111000011101010001100000111010011001111110011110
0100100000011100010100111000010100010111001000100100000001010110
0111011001101000101111111101010100000101001010011101000001000010
1101000101111111010110000011111011111100111101111011001100001001
1010011010110110001000011110010000001001110100100111011011110110
0010010110011110110001101110111100101001010111101010011111010100
1111111110111001011001100111001010111001111111100001101101011100
1110000111010011011000011110001001010001100111000100101100100111
1110111101100011110011000001011000011100101011000010011100011000
1100110000111110001010011101110101011010001000010000111111001010
0010100111011100101111010011001100110100110101011001000010000001
0100010011110011011111101001110101110110111000011111111100101110
1100000100001111010000110110101101101101011110110111101111011011
1111001011110000011100101011111110100110001000000111010110110001
0111100000100111010000001001110110111001110111100111010110000110
1001111011111000001101001001001000101001000110101111100100011011
1001010011011000000100110101000000100000110101101011010111111100
1110010101110110100111010110000100111100110010001001000000111010
1011110010110101111011001001011001101010100100010101010000110110
1100000000000010111110011010111010001110000110011001001010101010
1111110110001111001110001101111101100111111010000001010111111010
1110000101101110100111011101000100100110100010111011011000011010
1010101001011001001101101001010111110001111101000111010011010100
0101000011001111000010101010011111011101110100110111111100010110
1000100111010101110101110101110000010000000001010111011100011011
0000111011110010110001010001101110100000110100111101111000110111
1011000100101001001101001100110000100110011001001111101101010101
0110000111010001101010111000010001010011011010111101110111111010
0001000000011000000010110000111100101000101111000100010100111010
1110001011101000111010110101010010101110010010011011011100011001
1000101010100001110011000000010111011110011110000010011110001000
0001000111100010011000010001111000000000011111011100000001111011
0001010110100000100100000001101100010111100010011001111101010100
1100110110110100000110100101000010010001000111011111100100011011
0110001100011010011100101011010011011101110011110000000001111000
0011111101010111111101010101011011010110011010100001001011010100
0101110111010000011000101000100011001001110000001110011011101010
0010000100000001101010110000100001000000011101000111010010011100
0110100001101110010101100000001110011110011101110100000000101110
0010010101111000111110110001000101100100100001100101001000101110
0011100001111000101110010101010000111101010110110111011000010101
0101111111110001010000010001000000000100110000011100001101011100
1000111000101001011000010111011000111000110110001011000000101101
1101010000111000011101010110010011000100100100111010000011000001
0101011110100010100000011100100111100010100100011110100001011010
1000000101010011110011111111011011000011000111100110011000100011
1101100100101001100100001010000011100100101011000011010010010011
0100001010101010010001000000111100110000111000111111110101101101
1111101110101111001110111110001100001110011101110100101001111001
0000011101100101011011101111001001000011110010001001000101011010
0001010010010101001010111000011010101100100101001010001111101001
0100101101100110001000011010111101001100000101101110101111110110
1111001101011000111011001001000010000010010000001100101101100001
1000110001011001001110010101010100011011110101100011110110111001
1011000111001111101110000000011100011101010100111100000100111010
1000100001111111011101110100101111001110011010001100101100101000
0000011000000001100111000101011000000001100010101101001100010101
0100000111010110000000010100100101001110101000010000110010000000
1000101110100110111011011110110001110101101001001010010110001110
0001101100001011111000111110000100101010010000001011010011101001
0100011000110001011110111001101010101110011000101001110000110000
1001101010111100100111000111000000011010110011011101000110101010
1100111000001010100110100000110111011111110111100001011111001111
0011110100011000011011111001001000110010110000001000010110010001
1110000101111001010001011101101001000110011111011010110001011111
1110011001010001111000110100111101001011011100100001001001000101
1100101111110011100011101101101010010011111000001101011101011100
1010010010001101111101011110000011100000011011100101110100010011
0100110101101100000000010001011010110110111001001000111101100000
1101110011000011010111101111001100110110101011010110111001010110
0010001111000101001101001000000100011111011100000100100110000111
0100110011010100101111010111111101000101000101110110110001000110
0110011010100100101010111111100110011000100100000001110010010100
0011101100000101101000011011000011100111011011011100111100110101
0111111101000101000001011110000010101011101001100010100101010111
1010000001100100110011000011100000000010111110100101011110101101
1110101111101010101010100000011010011110100101100011010011001010
1011100011100110101001000110101100010101010000010001010000010110
1010000000111111100000010111100111011100110100010110010010000000
0001100100001001000000001000010101001001111011011001110100110001
1010111110110100100011111110001101001000111010110110010010100100
0000001110011011100001011100101111000001111110001111101000010010
1111001111101000011101101000100011100101101010101111011101001111
1010000010111100111011010010011110110010010010111100110100011101
0001101101101110001101101011101101101011011111100110010000100111
0000011111010011011001000101100001111101001011000111011101010011
0001001011010001011001111011010001001010100010011000001001101110
1111010000001011111110010001001110010100101100101010111001000110
0000100111110100110000111001010010101100011111100011101110111001
0101010100100111110010000110010110001110011001000001000100001100
0011111100000000010000000011010000010011001110010100001100001100
1111001100111100010101010001111011101000100011000010110110011110
0101010001000010010001100010111111111000100011101010010010001100
0010001100111110010001000101101111000000111000011101100110011100
0100011101000101101111001000010000110010001010010010111010101101
1000101001011111100111111101001011111100101000110111101001011111
0100111010011101101001000010101101101001111001000001011100010111
0110101111110111011001111101010110111000001101101101010011001000
0110100011110000111100101111110111101010010000001010101110111001
1101111000110101100110011110110100000111100001101000100011101010
1111000111101001110101001001011000101011001000101110100111110000
0101001101000101101001101100010010010111101011011001000011100111
1100010010001100010010000010100110100111110100000001100101011111
1000010000000001011100001001001000001110011010110000111001010010
1011111011001101010010100010000000001010100000101011001101100000
1011111000010101110101110100000100000001000100001000110011000100
1110010010110001100010010110000101010101110011101110000110100100
1110110000101001010100110111101101110001111101000011100000001000
1001010010011110100010010110001100001011010011101000010010001111
1000000000110000000001110111110010101101110011100000010100011000
1101001111110011100011010000010011111110100100010101001010100110
0110010100100111010010110001000101010110010001111100010010001101
0101001010110000000001101001101100111000100010110100110111100000
1111100110011110000101101101000001001011001011001110101100010001
0111000001101001110011110000101101011000110100101000111111011000
1100100100011011011011101100001000110101001101001111110011111000
0001110001011000010110101110111101011010000111111010101011111110
1100001101010100110101110110111000010110001010000101011101110111
0111001010000101000001001010001111011111100110000000110010110100
1000010111010101100000011100101101100111010111000000001010111101
0100110110011101010110100101011011000100000011100110001001001011
1011101100010000100111100001010111101001101010101010110110100001
1111000011100011011101111100100110000110010101011110001100011110
1000101110110001100000100000001101011101100001100010100100111100
1001110010110001101111111101101000011111100011101000000110110001
0000110101110001100110000110101101010111100010100010111101000011
1011101010100001101111100010000101011001111101010010010110101110
1110100101010110001001001000110111001100011010011010011101010100
0110010101000000001010111000111001110011111011011111100000000100
1010110100101010010101110000101101000101011010010000010111111010
0001100000101111000101111110110110100011110110000101001000010011
1000011111101010001010001100111010000010111000101111110001101111
1110000110011111100100011011000000001001011000001111100111001001
0100000000001011000000001001110000001110100100011110111100001011
0111100110101111001000011100000111100111101011110000011010001000
0110010011111000110110000011110011001100001010001000011011000000
0001000110001111001100011011100000011101110011110101111011111111
0011000000111100100001000111110100101010011011000011010010010011
0010010000100100000000100010111100010101100011011101000011110000
1011000000011011100100010110100010110101000110110010101011010001
0010011001011111110101100010010101011000000011010001000010000100
1100000100010110001110101100011000110101000100111101001000100001
0101000111111100010110010010001100111100010000011000110101000110
0001100111010000000110101101111111101111110010011100101101110010
0111000011001111011100100000100011011011111001100011000000000110
1111001000001100000000101000000001101111000011000111011110010100
1000011010000000001011011110111001001001110001010110011000111100
1100111001011000110111001000000000101001010001111110001011010001
0100001110110000111011101000001001101111010101101000110101001100
1000011100011111100110100101101011000010110000010100000111111100
0100100010110000011010100110111010000000111110010110111010101001
1110010000111110000000101000010100110101111100100111110001000001
0101110001111010001111000100100101110110000111110111010111101110
0000110010101001010110010100110001110111010010010011111011101110
0010000011100110111000010100110010010011100101101011111000110111
1010111011111101110110010110001111001011001000101010000000110111
1101111011011001011100100010100000011011101110000001110000100100
1000011001001110111010000100001011100001011011001000101111001011
1111011011011010111110001101111010110110011010111111010010010111
0000110101110010110111100100100000010100011011010010101011010011
1111001101000111110101011100000110000101110001001000011100101011
1111100110001010101000111101110100110110111011110101001100111010
0110100110110011100010001110001100001110111110010111100010000101
1000011100010000000010100110110000011001001011100010111010101101
1110111010111101010111111111010000010010100101101001011111000111
0111111010101000000100111110010111000100110101011001011111011100
1110100110001101100010100001001100011101101011000101000110101010
1110011000010111000100101001000110000111000010001011000110011110
0111001011011001100101111100110110101101001110000011010001001001
0100100011001101010110001001010001111000100110110001100100110101
1010001101010101100000110011001111001010110000110111001010001000
1100101100111011011101101111001000011010101100101010111010100111
1101100011010111100111010100011101001100000110001111101101101001
1110001000010100010000000101010000111010110101000111111101000000
0100111101001101101011100111101101011101101111010111111001101110
0100111100010011010010100011100110001001001101000000100001111000
1111001101001001100110111010111001000110010010001101100101000010
0011011100001111110111001111100110101000110001001001101000101100
0001010100000100100100111110000110001001101110001110100111011011
0101111011111101000010010010100100110100011010010101001100000001
1010110000100101010100100000000111100100010111001000111111010101
1110010101101100001101011011110100001001100110010110001101100110
0100111001010111001010000001101000011101111010100000101010001010
0101101000001111110100100110100101100001100010011101110001101010
0110001001010000100100000101101010111100001111001011101010100111
1011100100100100100010111101110001111101100011100100011000010010
0100010001000011111000011100111101101110110100100010110100011000
0001100110011111101000101011001110101110100111100100101001101011
0000111110001000111011001000110000111100111100011010100100001000
0001000001011100101011101001101101001000001111110000111011100111
1111000011000001000110010000000000100100000010001001111000011111
0001010100001100110111111100000011110110001100111010010111100001
1101100100101101001110001010110110000101100110111100100001101111
1000110001101100101000100011001000010110111100001111011010010011
0010111010010101001101001111101111001001000000100001100001010001
0010001010011001010100101101000011101101000010000110100100100011
0001001111010011100100110000000000000100101111011001000010001000
0001101100011111101000100100001001110000110000101101010011001000
0100000001001100010100010110010111001111110101011111101000010101
1010100000110000000011100100111101111010010011101000011011010010
0001101010010111100111101001100001111100001000011100000100001101
1111100010110000000010001000000101100011001101100001110101010011
0000111111011001111000010101011100010001110110100000001000001111
0000101111000110100110100100101011111111000101111110100010010001
1101011101101111111000100010101011001010101010010000001100111000
1110010011010100110100110101010101101100010001010110110010111101
1011101011010001100110100000100101001000000100100011110110001000
0000111110110110110110111100111001011111000110011111000011000001
1100000101100111111100000000011000000011100101100110011000111000
0001001011010010100100111101100010110111011010110101100111111100
1011000110001000001100001111010000000100110101110111111111000000
0100000101001100011001011010000001110100010001111001010011111010
0001101000111001000001100001101110000000000101110010111111000111
1000100100000100010111010110010110001110101000000101111100101000
1110110011011001000101101111000110001111100011011010001011000001
0111010011010001111100000110010111010010001111100011010010001100
1110010101110101000001000010111100100001000110001111110010011100
0000101101111110010011111010000110000010101100110000100000001101
1111011000001100110111000100011110011101110100100100111100101101
0111010011100001000011011111110010110101010011000011111100000000
1001001010101011010101110100001010001000000101101100100111100101
0110010100000010000010111010011000000001111001101001010010010001
0111011000110111000110010001011110010111101110110010001010011110
1001101110101111100101001111101010101110010001001100100110101001
0000111101011000100001100100110011111000010011100000101011000010
0110011001011001010101000000011101000101001110111000101000000111
1011000111010101010111111110011010101111001010001001111000001111
1001110000011110101100001110101111011110010101101010001011101111
0110010111011000110011111010011110101100100110000000010010111110
0010011001000011100100011001101100010001011100000100111110101011
1110011111000100001100111011000010011110101111000011000111100110
1011001100100011101010011111000101100101000100000110011100100011
0001100000100100101110010101101011100011110000001110110100001010
1110111000011011110101110011101011011001110100000001011111101110
1011001010010101001010111000000101000110001011000110010001110011
0100111010110001111001110111110100000011110011001001001011100111
1010001101110000000000000101101100111001100001101011110001010111
0000001100001011110000110110111111000011000010000000010001110000
1110111010011011111100110101010000110101100111011011001010001101
1000010101001110010011100101011011001110001100000001000000110010
1000100110001001010100001100110111011001001111001110010000110101
0011001101000001100010100010100101010111000111001011011111110000
0000001010011011000001001010111111000100001101011100101100111101
0010100100000100110001110001111001010100010101000101100111101101
0000110000111011000111001011100111110010100001001010111100000111
0000110101111010100000001101100010001000111101000000101000101101
1100011100010100010011000111111110110110110010110010010000111011
1011110010011001111011000010000000110010011110111110001010000101
0000001100001111111011110100101101110000101111001100101011110000
0010111110010010101001000101011000110111000011001101101001111010
0110000001000111001101010000001101010100011001001111101101100101
0110010001001011000010111100000110000100101010110110111010001111
0000011010101111100000011000101110001111001000011010101101001101
0110101101000100111000001011101111111001110110010101000111110100
0000110101011001001110110001101110010111001101001100100111110000
0010011101010000010100111100100001010000100011011101110110101000
1110100110001001010010110011101001000110101001010011011110010110
1011011101101001000011010110010111010100110100010100100101010001
1110000111000111011010000011011100000000000011101110001010010100
1101000010001101100001000011111101011101010100111000000000111010
0001011110100101001010100001110010011111100100111110010101001100
1011010010100001000011100011011011000010110111011100100111100111
1011010111010110000010000100001111010010111110101000001011000001
0100001011101010010100100010100000010001010001100010100000001111
0100000101011100111100000001011101000100000101000110011000111101
0110011001011111111110010101111100000000111110110100111000001111
0011111011011000101100011011101000101010101011001101000000011001
1001101110101000000111011101100111101001100111101010010100000110
1100111101010111001000100010110101101010100100111011100101101100
1101110110100100101010011111100001110101100101000100010001101100
0001100100001100100100100101010010111000100000100010010101000011
0110010101000100101001110011001001001111001011011010011101100001
0010010001111010101100101100001100101011111010110001010111000100
0100100000110001100000010110111011000101111011011001011100010011
0010000001010100111101010101000000000110000110001000101111111000
1010100110010000101110001111110001111110001010101011100100000000
0010111010011110100100000001000111001100011011100010000111111000
0000100000011000111110001110100100000100011010010011111001000100
1110010101100100011101100101111101100010101001001001100110000010
0000100111000111111101100101010111101001000110101111011001110000
1110111001111010101001110001111011101001111001011001000001111101
0001010000011010000100010011111011011000100010000110100111001010
0010101011100011111000011100000111110100111111011011110011011101
0011100101110100111111001011100011001100000101101111010100010111
0100010110001001101110110100100010111110111000111011100111000011
0110101110001010001101001101110101110100100011000100011110100101
0010101101001001101010001011000100110101000111011110000011111111
0100010101110110010010011010100100110100101011000110000111111111
0110010110100100100001010100110100101100100101111111000001111100
1001000100111011000100110111111000010111010111000111010110011101
1000000011101001010100110110010010110011110001011010111011110001
1101101101101010010011011000011101000000001110100110000101010100
0011010101101001110010101011100000110110000111111010110101100000
0001011110000000111111110010011110101001001101001010000111111011
1011010000100101010100000111010001010110110101111001001000001110
0110110011111110000101110000100001100110101110100100111000110111
0110011010101100000001110010100101111110011101011011001011111000
1110010100100010110100110101011111011110010001110111000001011001
0111111101011001001011101000110011100011110010010100010100000101
1101111110010010010110011111010000010010011011101100101011011010
1011101101000000011011101100011101110000011111000000101000100010
1110010101010111000000011011001000011010001001001001111101000111
0100010100101111010000011101100010100110111111010101111010010101
0111011100100010000010001001011111000010011100011110101101011101
0010010110111001000011111010111101100011111110110001000111000100
1100010001010011001001110010101101001110000011011011011001111000
0110111110010011100111011101111101001000111000110101001110100101
1010011101100000011111010110001100100000110010000010100110000111
1110101110010010110110110010001110001011111100110001010011110000
1000011010011010011000100100100100101010101010001101000111110100
1111001111010010000100100011001001101100101001000001101100001000
0011100001000001101101010010001110001001101110111000101111100101
1100110111010110011010000101010001001101000000001111110011000000
1111111001010101011110000101010010000000110000000110100100000000
1111100010100100100010001101100101011111101000011010000001101101
1000110100111010111100100100100001001001110110111010000110111100
0011011100100001011110011011010011000101000110011111100111010101
1111110001001110111010111010000001100010001101100010001000001101
0110000111011001000101010101100001000101001110100000101010110001
0011010100011100100011101110100001101101011011010011011010011010
1011111010011010101011011000110100000001011101011001111110010010
