0100100001100010011000110110101101111010010000111111000011010101
0100100011111101101000111110100001101110111110101110111000010000
0110000001010111010101011111100110010010001100111100000011100111
0011110110100100100100010001001001101001010101101110100000000111
0100000010100011100101110101100001001001001010000110011001001011
1001001011101000100111101101001000010011001000000000010010001001
1100001001000101011001000111010001000001001010011001111111110011
1111000101010111001001100011100011010100010011000100010101101001
1110101000111000011000011001001010100110110101010101000101101001
0010101001010001100111010001100001011111110110100000110111011111
0000000111100101100110001001100101100001110000001101100000100101
0101110110110110010101000011110010111010011100010011110001011110
0000011100101110001111010000100001100010110000010001000100100111
1110001100000001101110010100101111011110100110000101100000101011
1111101111010001100111011111110110001010001101000001100011101100
1110110000000010010001101111100011010011100111010001001011100100
0111101010000110101111000101100100110101011111001010000001011101
0101010001000100101110110001000001000100110111100001001110101001
1100001100000101100100011010001000001101101010000001010010110110
1101010011000110001100000110000100011001101011101100111011111011
1011010110111100111010110101101010000000010100010110010111000010
1101011101010001100100010110001011101000010010010010010010010000
1100100100111011110011110111111001001000110110001110100101101001
0011100001001111011101111011001000101111100000110101000010100000
0111011001101110111110001011010001001101100000011000101111001001
1001000001100000101000000101111000110100101110110001100101101010
1001011010000010010001101111101001101010010110000001111101000011
1110101101000110000110110000011111000100100110011010110000110111
1011000100010001000110110011001100000111000100111001100001111101
1111000110010101100101001000000000011001100101000001111000001010
0000000000001011010000000110011110100110110011010000100011101100
0101011010100000000100101000011100101110100111001101110100000101
1010100110010111010100010010111100001111001010010010100101011100
1101110101000011101100100000110101010010011001001010000001011011
1101101111010110000010000010010010100001010101110111100100111100
1111010111101010001000100111111011000110001000101100111001000010
0110001010010101110000000110011100011000001000011000011010011010
1100001110111110010001001010100111011111110000011001111000000110
0010101111001000100000110100010001001001010111010100111011110001
0001011111111111110101011011100010010110010110011100010100100110
0011001111001101101001111101111000100011100110101000001000101100
1111000010001001000001000001001111010111001001011000010101001111
0101110001000010010010110010001011101000110101000100101001000011
0001101100010111110101001000011111011110011100110001001100001110
0000011101000010110111011011100100111111000101000110100011001000
1011110000011100010111100000100010110101111110111001011101100010
0101001011000100000010101111110111001010110101101001001111101101
1011011001010011011110011000010100000000000000100111010110000000
0110011100110001011001010110111110100100110101111100110001110001
0110110010010001101100000100000111101001100100100000110101110010
1100000001100000110011001001100000010010000111010110111011010110
0110001011100111110111001100110010011011110000100011001001010000
1111101110100101010100101010111010010100001010010010101110011100
1100001111100100100100100111110110001001000101000011111100101000
1000110101111101011100000011000001110000100110111100010101101100
1110010100011010101000010101000000000000111011011010010101101011
1101100101011111001010000101101001101010100101111100011001111011
1011110000010110100101111111110011101101111100000100011100110111
0101010001010001100100000001101100110100001111010001000100100110
0001000000100010000001111101111101101010100010100100011000100011
0000111001010101101001100011011100110101000010110110100100100010
0011110111101101111001110111011001110101000110010010000011000000
0001101010000000010100100010001100100011011010100110000001011000
0101100001000100000001001000011101101000010000101111001110101001
0100100011101011100000010011000101100011000111011011000110001111
1001001010101111110001101111010111000110010011000010000110010001
0100110000000111111110001101100000001000101011010100110111001010
0100001110001111011101010011100110101011101101100100011010001010
1110011110000011110001101111011111101011001110000011100000111001
0101110100001000010010111001101100010110010110010011010100001010
1010101011011011001001001110001011111000000000000101110000100101
0011000101100101010110010010010011100100001011001101001111010001
1100001100101100110001000111111011011100111101011010110000100000
0000010101001011000000101101110110011001010000111110110111100111
1110000000111111000000101100010110000101010100101011011111100010
0011010110101000010010110111110000100110000101000010100101100101
0111011010001000100001101100011010111110100100111101000010110100
0010100011111111100111110010110111010110000110101101010010001010
0010001010100110001100101100111011101011011101100000101001001000
0111011001011001000100110010010000000101010111001011000001000001
0111011000111111010110100111001101010000010011000100111000010100
0010101000000100000111000100111110001110111101100011000011001110
0010111100101110001001100110000101010010011110010100100111101000
0000101111110111111111000101011100001110010110010100101011111111
1111110110011100110001011101000101001000110110101100110100010001
1110111010111000101001111011011010010010000100011000001100110011
0001100000001000011110100101011000101001011011100111100001001110
1001101101110100000100111011011011100000111101010110100010100100
1001000111010100001101010100101001000011100101000001011110100111
0010100101010010011111001011110001100110111001100110000010110110
0110011001100111011001101011110001011011000001100000011111100010
1001100101011001011011111011110100111110100101100100111111110010
0101010101010100000011100101111110010100010111110100110000010111
0000000101001110011111110000101110000000111010010000100101111001
1010010111001010000100111101110101000010001111110010011001101111
0001100011001000100010110001010110100110111011111101101100000000
1101100000110010010010111001110111011101000110010000000010011100
1100101000101011101101010010100101101010001101101110000110011010
0011010000001011100011100011100111001110110101001101010110111011
1000010101011110110010101110001011101101111111111000101111101100
