1011010001000111111101110001101110111000010110000010110100010001
1010110100111111000111001100011101100000100110110011001101111101
1011110110110110000110000011100101011011011110100000001101111010
0110111001111010101011100100001001011000110110110010000011010010
1111100110101101111110111000110010101100000001111011101011110000
0010010001000001011101111001001111111100000110110101000000101100
1111110100010100111100110011010000101100111101010110000010110101
0111111010010100011110111100010011001101110001100011001111101000
1011100111111100010101011100101100101011000111010101010100010111
1110001110010110100111011100010010011100001101110011101010010000
1010101101000110011011000110010111101000111011011111111111100100
0111010100111101000001000011111100111001000110100010010101100011
1101011010011100111011111111101010000101011110001111011001101110
0111110101111111110010010100010011011110110010011010011110110001
0010101101100101111001111100110100101111000011101011111010111110
1011110100101101001111000001001011100110001111100000011110111100
0110110000101000111001110001101000010010000111001000010001100011
1110011011000100100001000110101111010111010011101100110110100001
1001101110000001000111101010011001001101011010011001001001101010
0011011010001010000110011010011011011100000101101010110000000011
0010111001110110001101111011101011101001110001101001001101110111
0101100011101000011110100000101000011000111110111011011001011010
0001001111010011010011100001101110110001100110111110100001000110
0010110000101101011100100011000110111000110011000000001011101000
1111010001110100000101011001100111100000000011000100100110011100
1000100100001010010100101100001011101000011010110110111001010100
1010000001110001000110010010100101011111001011111001001101110001
0111010010111000000110011010000010101001100110111100101111101100
1010000011010011001010010010101100001100011011000100100011110010
0000010110110000101100010001111101010110011101011001001100101011
1110011110010010101010001011110000010001101000110100111100110101
0101111010001111111001100110110000001101100110010111010000100101
1111010010011001111010111000111111000011101111011000100011001011
0010010011011011100100111111001100111011010010011101110111000001
0100001000100001100100001100000010011100010001100010100111111000
1101101010000100000101000001010000001101001111100100010110111101
0000010111111000001101110110001010111100000011010111111101001010
1010110001110101111011001101011011100000001101101101101011110100
1000110001000101001011101010100111011011110100010110001101101110
1011111001101010011011011001101010110100111101001110011010110000
1000000010100111000101011111101100111101110011100101110110110011
0100001101001000110000011111000011011111100010001100111110011101
1110111110001111100111011111101010001110001111011100100110010010
1111110000100111110010001001001101110100000010010010010011110101
0001110000001010010010100000000111110010000100011111111100011011
0110010000010010000100110001011100011011111100110001101001001111
0000010111010001101001101000101111100101100111101101101100001011
1111111010110000111001011000011100111100000001001011010010111001
1011011011101101000010101100011010010010000100000100000101000001
0100100010001001100010011101111001000100111010110010110110111001
0110111011000000100101110001000111001011110011111001110000111010
0011101111100010000101001110101001010111100110110000111001011001
0011011011100110111111001111001001001111010110011010100100100110
0010010011011011001000110100111000010001100001100001111110111110
1000000101111111011000100011101010110111001111010111011011101110
0010010010011001101010101010011010101011110011001000100110101011
1110111101000110001100010010000100111000111111100110000011111111
1000110010001000110101101001011100010100101000111011111110111011
1001000110101000011100011011101101111100101001100101010110101011
1101100001011100100101111111101100010001110011110000010101100010
0111001110111100011100010011010000101001011001111000100010011010
1111111001000101010000000001101010010100011101001010010101101111
0000010110001100100110111010100110100000011100101110000111100001
0010001000011101010011001110100110111011111110110000001011110111
0110100010110100001100101000111010101010001010111110001000001101
0100111001011101111111111110000011100101011011110110000101001100
0111011010000001010010001011100101000001010111101001100011000100
0010010001010110011000111000101010110001010110001101110001111111
1010000011111010110000001010000101110011010100111010100111000001
1101101011000111000001111010010000000101011000011100011000101010
1100011110000100101000100000101010101101100110100101000100110011
1010111100101100111110000110110000011001110011001000000111111010
1100010101010010101010011011001111111011110010011010101100101100
0100011100110011110101011110100111000011100101111101111001110110
1101001100000010101001110000111101110101110101111001100011100000
0101011011111111101110011011000101000100001110001000110000010101
0010010010011000001111110101100000101000010001101011000111011110
1101110110000000011010001101110101110011011000100010011001110101
0110110000110100111000101001110110110101110101111111000111010001
0010011001110001010010100010111101010000100000100000001001001001
1100101101110110011111010111010000100100010010101111110101011100
0111101000101100100010010010001000101011111100011000011111110001
1001100011011001100001101000100101011001010000100101011001011101
1000110110011010001010000100000111101000100111100001101110101010
0110111000111010101000101100111101001111011111101000011011011100
1010011111101011001000000010011100100100010110110110100010010001
0001100101001110001101010000001011011010000011111011001001100000
0110011111110011011001010100011111110011100001011010000000010010
1100011010100110101101010101100011100010000111100001100011001011
0000011111110000100100010110000100001110010111010110011011010101
1010111011010111110001010011101101000000000001000000011010101100
1110001110100001000011111101111100111101110000110110100000010111
0110110001011100011101100011001111110001011000011011000110011100
1011101101001100111101010110111110101110011000011111011111010100
1110000010000010011110101110001100010101100111011000101110001010
0001011001100111010000000011001000100100100011110000100011100101
0000100100100010000000001011011010111111000101110010010100010110
1111001011111001001101010101001000110011110010011011010000010001
0000001011001111011011001011110111100101000110000011110110000010
1000101101100011001001101101000010000000010110000111111000000010
0100100111110001101011010010000111000101011011110010100010001110
0101110001100001001111100011100101000010011001001110110011000011
0110100110101101000101001101110001011000111101001111110001001111
0100011110100111100100011011111011011010110001001110101000101000
1101111110100011011100010110100101000111101001111101110101101011
1010000101110110011110111000011101110101100011011000111011101001
0110001011001110000011000111110100110001011110010010101000000000
1011000001100111100100011000011001010110001000110000110010010111
0010010110110010010000101100110001001011101100110001111111101001
1011101000111100110010001001011111100000011001001000000110101000
0101110100110111110101110010011011111010001111101010111001101100
0011100100111101111110100011101100000100011110110101100111101101
1110100101111011000011111001111111100100101100110111001101010010
1000011110001010010010001101100101011110111000100011011001001011
0101000111000111101101110111110101011001010100000111001101011010
0100011010100010111001001000001010111110000010111001001010111001
1100101001001000010101011100011100000101101001111011001011110101
0110111010000001110010101001011001011101010101110010111011111111
0001101011011000000101111001001100110000011100111101011110110111
1011001001011010101101100001011110000001101110001011100111000001
0110100110110111111001011111100000100011010000010000111100100101
1110010100000001100001101011000010101011100000011110010010010111
0111101101110101101011100110101011001000011001010100011110011001
1111111000000111111011000000101111011111000010011111100100111100
1010000010000110111111011110100110000011011111110001100010110011
0000101100011110111000101100101001110001101100000011011100000000
0100110111001110101100000000001110111111101010000101011001000100
0001110100001011000011011011100100110010010011010000011100011111
0111110110000001000110111000011110000110011000011111001101000100
0110000101000000101001001110001100001000010101011100111111010010
0001110101110011000111110011000010110101110101001011101101111100
1100101110001100101110100001100010110010001101011000111111110010
0100101001001111001010101101110001010101100101110000101111110110
1010000010010001101110001010010101101010111001111110000010010001
0001110010000111111110011101001011101111101101010011010101000110
1011110001011111111010111010111010010010010100101000010000100000
1000110010000001101111110100110001110101001001001110101011011000
1011000011110010100110011011110001110000100111011010101010101001
0001001000010111000011001000000010100001000000011010010000001000
0110011010000100101111000110010010000111011011101000011000000000
0000100011011000110011011101011111011110000011101001001010101110
1100100100101000000010001000111111111101011100011010111010010101
0010111011111001100001101110000000100101000001100000010110011111
1100111001001001110011111010010101111101000110001001100010101100
1000010010110011000001000111100000110110000011101101111001110001
1111010011111001100110100101110101101110101111100001010100010010
0100000001010000111000000011100100101000011110111000111001101011
1011001001001111100010010100000001001011011110110011100001100111
0100001011111100110010010111000001101011011001110100111010001010
0101100100100100011110000101111101100101111001001100011100001000
1100010010101000000001111100101011101011010100100011101001101010
0110011101001000100101000110101001100011001101110100111110010110
0000111011100010010101000010011101100011111000100010000000101110
0000000000000110101101110001011001011111101101000101010001001001
0000110101011000111010110010001010110100011010000011010100001000
1111110110110011111010011011111000111000101011001100001001101111
1000001000111011101010001100101011100011111101100111000001011111
1000111110001100101010111000010111111001000001111110110111100001
0011111100111110011000111101100111100011110111011111000100010111
0011100111001011111110010001010100111001101110010011001110010111
0010001010000111111010010011110111000000111100000011101010010001
1001110001100010100011100100000111010000111001111000000101010011
0111101011111111100010010111011011010010011000101010101111100110
0101100110110000010000001010100011010010001111110000111011101110
1111101000111011110111111011001011010111101110101110000001101001
0111000110010101111001001010110001101110101001101100110101100111
0111011101110001010111010000010110100111001011111111100100111010
1110001011101111110111101101111001000011111010010111111010100010
0111001001001101101001111101101110010100110001111011010001000010
1010111110001010000010101011111101101001011000101010100010110111
1011111100010010110110111000001111001001101100000101001011000101
1100110100111110000000000001011000111000110101001110011010101001
0000111010010011011100110110000001001011101101100011111000010010
0110110011001010100000110101111000011001111111111001011111011111
1101101011110010101011111011001111001010101011100110101001110101
0001011010000011110011001100000110100100101010000110000101011111
0100010000010010001001000010001010110001000011101000100101010010
1010001001010110000011101010111000101100011010000100000011101101
1011111110000011111101111000011011011011001100011100001010110111
1111110100111111100001100000000110001110010110011111101010000010
0010001001001010010100001100101100101101100111110000101100000001
0010110100010011101110100000010001110100111111111010000110000110
0100001011001011011010111011110001000110101101110010111101100111
1010010100010001000110001110110010110100101001001011010010000100
0110000110011000010101101101011101101111110101111100100111001001
1001011011001101100011000000010010000101010110000111001111100010
1011011100101110010000100110111010001111000010101010001010010000
0101011100111011101110110010010110101110000111101000001010110001
1101111111100100111011010000011111101110000011111010100101111111
0100011111111010101111010100011110011101010110110111101110111010
1000000011101100010101000011110011001010010100100110001111110000
0101100001100100101000010010101110010101011110010100011111011010
0011111011100110010001000010011111111011101010110001111000100011
1001110100000110101100101101010001100110010010010110100110000011
1011100101100011001101000010010000001100011110100001110011011011
1010000110111101001001010000111101011001000111110101011011101011
1110101110001001011100110001110010011001011010011101011001011000
0000010011110010100101000010010110000011100111000100110010001100
0001001001011101001011011110111010001110111011101101010011110111
1111011110101111110011110011010010011110001110000010000010001000
0111010001011111111111011111011100111101111111100100010000010110
0010111001000001111101100001010101100001100000111100110110001001
1010100100111100111001010001100000000011010010111110011111011011
1110011100101001101101000011101100101100111101101111001100010010
1100100110111000011001100110000001011100111010001001101101110001
1010000011100111001000001001111010101011110010100101111000010110
0010011000000100101000011110010001010001101110100000010000101110
1100000001110101000010001100000000011101111100100010010100111001
1011100011111010001101100010101111101111100011011101011101111000
1011111000110100110101000000010001001111101100001011011111111011
1100010101100001110101111111001101011110000001011001111001110010
0000111010000100100010000000000111011000100110101010110101101110
0010001110011010111100111000001011010001010000100110110110101011
1010011000101000110001010110010001000101100011010011011010011111
1001001001000110111010010011011001101100101010110100110111001110
0101011000010101000000010101000111000000001010010010111100011000
1000111100000111111100100010011001110000001001101011111000110001
0011110111110111111001101100110010101110010100010101000000010100
0100011010011011011110110111011010010110000001110111100101011000
0011000000011011110011100100000110100101110110011111111010010011
1001111110000110011110001100110011100001110110100101100000101101
0100010001011001001100000010011100111101011100110010000110110111
1100110110011110011101001111101100001100011011011011001111110010
1111010101000011111110100000010110001110110001101000001111010001
0000111011010010100100000001010111111100110101011100101001011101
1100100010111101001010001011100000100101010111010001010111101001
1010100000100001110001000010111000010011111110101001111110011110
0101101110010010111000110101000010010010011111101110111010101100
0111100010001100111001000001010001101101010011001110011101001000
0110000110000000011000010000010100011111001111010111101100100001
0100100000110101101101111101010111001001001111110001111011100111
0111101110010001010001010100000100111101000111010010101110011010
1110101001110010101010101110010110101001111101011111000110101101
0100010001010101110101101111001000110110111111110011000011100010
0011101101100111110011111111110011001110011010111100000101101100
1011001000000111111111100001111111010101100111110111100101011101
0110010110100111010100111000111010011111110110100001100100011100
1000110111110010101000001011000001100000111101101111101110110001
1100011101111101100101100010001100011011011111000001010010000010
0101010010110100001100000001100001011001111000101100000000010011
0010101010101001011001010100100111000001110000100110110100010100
0111101011100010110100110010111001001101000000111010100001101100
1001010101011011011011000100110010001111110000011110111110111110
0000100010000111000010100000000000000010110011001011011010011000
0110101000111001000100001011100101010010111111100111101000001110
1101100110100111110011000010101110110001100101100110011001111100
1001100011010010000110110111111110000111001110111100001011011000
0011111101010110011101000001000100110100010011010111100110001000
0011110011001110010010010011000001011000100101101101111001100001
1011011001001101110111001101000111010111000101000000111011000101
0010111101101111100001110010111110111100111110111000100101101001
0110000111001110110010101000011111100100100111001010011111010111
1011011011110000101010010000011011111001000000000010100100100110
0110010010100010101001110101110100101011010100110010100101111000
1100101100011000000111111111011000100111001000110000010001010100
1111011010110011100000101001000101111001000100000000111100001001
0011001011110011101111000100111111101101111111101001011110000101
0100110000001000110111111101000011011110011100111010011101000111
0111001111000011111110110110011001110100111001001101000100010010
0111110011000000111010111000100001010010110101101001101111010000
0000011110010000100110011111100101111001111110101000110111000001
0010100110100000010101111111001101011001111010101110100001000001
1111010010101110010011100110001000111110111000100110000011011010
1100110101101000110101011110110100001000011011001100100110110000
0011001011010100100011101101111101001110010000010011111000010110
1100010001000011110010000100101100001101001011000100100011100101
0101001000001011110101011101001100100010000010011100100110111110
0101111100001000111011110001110001101010010001001011000011011010
1111011100010101101100011100010101111010100010111101101110100011
0101010111011101010011100101101001100111010110000010111110001001
1111101000101010110101110011110110101110100111010110000110100100
0101011001111010010011101001101000111100000011110110010001110011
0100000001101111001101011110100000111110010010101110110000001010
0111011011001110110010010000011101010111111111111100110011101011
0111111011010100100100001000001101000100011110110011011101101101
1010001101001110011100010011100011011110101010110100001101110111
0101010110011010110011001000110100101100000011111100001010111111
0111000001010011100111010011001101000110110001001111000010000111
1100000001101001010100111000001101100000011010001101011111100001
1000001000111100111111100101101001000010110000111001011111000011
1011111010100000101110101110111011010000110111010010010000111111
1110101010101100110000010111111001110011100110011011100001011000
0100010111101001101011110011011000001111000010110111001100010001
0011001010001110110111000011100001101111011000010010010111111010
1110001100010111001001011111100011000000110010010001001101001100
0001110101111101100101100110000100100001111100100110101010000000
1001001011100111001010100110011110010101001000110000000111100111
1010100111001001010111101111111011100110110101100110100101000101
0100010000100110001000110110100001101101001001011000101000101100
0111000110100010001011111100100111101001111010000100100001111011
0100000011111011000110000100001100100100100000100011111100000011
1010001011110111111001001001010011101111100010011111110111010001
0010100000010110100011001111000110110101000011110101100010101101
1111100100101001111100100011000000001011100001110100110101001000
0111011111110001100111001010100100100100110101010010110101000101
0100001011011000000001010000111100001001011111100101111011001011
1100001100101010100111100010100010111001111001111110001110010001
0111110100110101101111000000000011000010000111011111111100000100
1011101001001000000010110001010001000000000010111100001110001111
1000010001010010000100100100111000001111110100011010111111111001
0011100000000111011010000011011001100100100000111101000010010011
1011000000101110101010001011101011011010110111011111011110010100
1001101111110000010100111100101100010010100001011011000011000001
1010100000011011111100000000011001101000101101111001011001001111
1100011100110000001110111101111000010001000111010111000101110101
1011101010010101111111100011111101111101100110010100111111001111
1100010100110010001011101110010000001010010010011000100000010011
1000011010001111000010011010010011111010101111110101000100110000
1111011011010001100111101010000101110011010110100010111010110100
0001111001010100001010111100100101001100100111001101100100010011
1001101011000101111011101000101110101101100111000100101100101011
1101101010011100101101000100110111000001111100110111100000101000
0010001111011111100101110101110101010011101101111000101101011001
1011011111110110101101100010000001101011110010011100001010001000
1011100101100100111001100010000110100100101111111111100010110010
1101010101111111000111001011110001001100001110000101100011001011
1010010001110100011001100110110011101100110110111010011011101111
1100000001001001110010000101011101110001010100001001011101001100
1011101011011001001010010010111000110111011110001100010010011100
1000100000100000011010101000111100111110010010101100011110110101
0111010001101110000000001011111110111011111100101100011000000010
1101101001100110111001011110101110011111110010001101110101011100
0010010110110100110001101110011000000010000111000000001010011001
0011100111010010001110111100100010100100111100110101100101010000
1111101001111010101111001101001101001011111000010001011010101011
1111101010011001010000010110100001000111011011001000000100001000
1100100111111110000011000000100011001101111110010100010111001011
1101010001011100101110101000010010001011100001000010101001011101
1000110110110101100010100000111011010010000011111010110100111011
0000110000001001100101010110110010000101111100100010000110011011
1111010000100000011101011001111110001001110001010111010110111010
1111110000101011101001110001100010010111010111001011011010000111
0010001010001101001011001000100000010100101110100111111010101111
0011000101011101000100101101011100010011111101101010110100001101
1010100101111101101110000001010110011110010101011000101101110001
0000101000001000111110101000101010111010111001111111101100100010
0110011011100010100100111001000100101001000001001111111011110101
1100011011101110100010110111100110000010101101100000100010011100
0110110011000010000011011100000111011100010000000100000000000011
1001000001000010001000011011011111011101011111111100101101100010
1000011110001011010110000000110100010010000101110111110010010100
0100011000001100100110011001001001110100000011111101101011011100
0010010111100000111110111101000111010110100110000001100000000000
0101111110010100000101000010000100100101100110010000111010110100
1001011101010011110111010111000010001100000101011000111111000010
0010010011011111011111001100001111001100111000100101100100111000
0111010110100011011011111100101101000111111101111000011001011101
1001111101100011011100110010110000011001111011101100111110111110
0100111000010110101110110010101111000010000010010100111001011001
1110110110001000011101101010111111111111100100100101000011001011
1000001101011000111101100000111000100010111000100110110110100010
1011101010111011111101111101000100111110110010010101110110111010
1100101010101011110111001100101100010010110010101101100011010001
0100011111110000100101111110100100100110010011001000001100001010
0110111101001001100111110100001001000001111100011110001110100111
0110100010000011101011101100000110001101000010111001110001011000
1110010000011100100000000100010000011011110011111011111011101110
0111010010000001101001100011010001000100011010111101111010000111
0001010110010101101110011101011011111100111111010110111001100101
0110001010110111101101110011011101101101101000010011111111001001
0001100010100011011001001000110001110011111111010001000011101010
0101001111011000100011110110011011001101011111101111000110000110
0000111110011110010001100101000101111100000011110010110101000100
1010000111010010001100111100010010101100101110001000101000000110
1011100101000110111000110010111000010010001011100011000101111000
1110101011001101100101111110101010001001000100001111011111010001
1110111001100110101110111011000111101110010111101011001011110100
0100110001101000101111111111010010001001000111011101111010111101
0011010101110010111000001111011111110011100000101010100001111010
1111100011010110101010010011111011010100011010110000101000101101
1011001000111110000100001000111110010100001000001010000100001111
0111011101001010100101100100010111001000010001111010001111100001
0011101011011110101100001010101011111100000110101101111011011100
0100011001011100011011100101001101100011100001001001010110100100
0111000110011011010011110000011010111111010100000111001001011111
0110111111001111110000000001000001101011111000010011101001011110
1111011110110010100101100111100010000011001000111000010100110100
0110100011001101011100100000100000011110010100111001001110011000
1010011100001011100100011110000100111110011110000001010110000010
1010001111100110011010011111111100011101011010010101000001101000
0100000001011000001010111010001101000011010001110111011100101010
0110001111010100110010010110101110111111101111000010001000011010
0100100010101010100001101001101100000010101000111101101011111010
1100000010010101111001110011010000010100101001100000110100001000
1010101000111010101010101110011010001111111010000110000001100101
1001101000001001010110011111101010111110011111100001010100100001
1101100110100100011101000011010101110110000110010000001111001011
0110011010001100010001111011010000111011001101100000100110011000
1010000110110100100110010111011011100001000000011111000011001101
0111101011101010110111110100010100010010000111000000111001001010
1100000110100011100000101110011001011111000000001001111011110111
0101111101110011100001011000110100111001000010001001111001111110
0110010011001101101111101010100111111100110111000100100001111000
0000000000011101011011101011110011010010010101001000001001001001
1111001010110011100011101101101011011111111001110111011100111111
1001011001110110000010010001011110001011100101100001101011110000
0110101110101010010111110110100011010100100001010101000100110111
1011111110110011111100111110000100011011111111001011111001010001
0000011011111111111110001100111111111011111100110000000010000100
0010010100100111011000101100101100111011111110001011010100101110
0010011010111111111100111110011001011010100111001011011101010011
0111110010001110110011111110001111110101000111111110110000010000
1011011111101111000110111100011110001001100011010100111000011101
1010010000100101100000010000111000110110111011111001011111010001
0010110001100001100000110011110110011111001010010010110000000011
0000111011110101011001100111000010011110010100111101000010101001
1001010011010010000101000001110101111111100100000010001001111000
0111111110000110000010001000000011100010011101101101111111111011
1000100011000001111100110111001110011111101111001010010100111111
1101111100000101000111111111101000000101111110110100001111001001
0110001100101011111100010101000001000100110111100010111010100100
1000010010111010000111111010011001001100100101101010000000111000
0111100000110001101110010111101110001011101001001001100011111011
1000111101110110001100010000010111100110000101101001011001011111
0101011011111011110111011100100000110111000100010100010010101110
0101111100111010100001100001010000110000110000010101110010100001
0110110111011100001001000001101111000100011101000001001010100110
1010011000101111100011111101111100101001110010110010111010011000
0000101100101001001011000100110111111101010101010000100100111011
0000010001101110100010001110110000010111000100001000101111100101
0010110100000011011000110010101101001110010011000001101101011100
0001110110100011110000001110000001101001011010000010111001100000
0010101101111111101111101100010100111010010001110010000010100111
1001101010010010110100100010011101101100101110110111001100000110
0111001100110111010011110000010000110010011111000100100011100001
0000101010000100100001001010011100010111010010000100111110111001
1110111010011000000010111111000010111010110011101001011001101100
1011011110000101101100110101001111101000001100111001100101000011
0011110000100000000100110110101000101100101011010111000011101101
1100000110011101100000110010011000000011001111001101110110101101
1101110101011010100000010110011101010100100011000010001000000101
0011100000101010000111010111010110111001100001000101110001110111
1011001010101010010110110101011000111011000110101111111010101010
1110101000101100110111110101001100110000011000001001100000111010
1001110101111100000001110101011000010101101110101101000110111100
0010100111011010011010000001110101001100101111011101011011001000
0100100111100011111111000100001011010101010101100100000010100000
0011011000001100000010010001111001010001110001001100010010101110
1010000100101101101000101010001010111010011100110110101111011100
1101110110111010111000010110101110011010000001000100111100110010
1000110000000000100110101110110100110101010111100111100011011011
1001100011101110110011001110010011101111001011010111010011101001
1110001101000000110110110101111001000101010110111110100001110110
1110100000010000001011000101010100001001001000011001101011010101
0000111001011111011000101011101110001000001011001000110110110011
0010111101011111010101001001010110010000010100100010101110001011
0111101001001011101111100111100011101111011100101111011010000111
0110101100001001111010110100111110010000000000111111000111011110
1010010101001100010110011110011101011110101010110110000001001010
0010100110111000001110110001110010111110011101001101111010001001
1101111001100100110100011010011100001000101001000011011110011010
1011100110101111100111100001011100001110101110101101010010000001
1110001110000101000101111110010011000111011111111001000000010101
0000111100101010100000100111000010011101100011110110100011111010
1000101100100111000100100101110010011100100100100100011001001000
0001110010011001100010111111101000110000011110010101000001101111
1100010010001101000101101100111110110010100001100101000100010101
0011110010110000001111100000000100010110111011010110000110100110
0100110000010101101001101001000101011101000111010111100101010100
0011111110010001001101010001001110111011100001010011010100111100
1010010110110100111000000110000011001100000011101110100011010011
1011001001101111101011001000010001100001100110100011100110001100
0110001100100001100111110111101110000100001101011110010011011001
0000011011011110010101000001010101110101111111000001100010110001
1010000000110100010101100010101100111100101111000001111000011100
0110110000110011100111011110010101101010100100111001010111111100
0111001111001110101000011100000110100111100100111110011111100011
0010100000110100110110110101110001000101010000011110111111001110
1001101000011111101101001010011000011011001001101111111101011101
0011101001110110000010110011110001001100100110000010110111110101
0010100010111000011110000101100110110010010110111110011101101010
1101011011001011001100010110010011001000110010011100111000011001
1110010001101011001011011110100110001100000100010110010111001001
0000000100111011001001010110110000111011110110010001011111111011
0111011111001100100010000101001100111011011001100100111101000011
0001111011011001011110110000110010000001100000011111111011111001
0110000001011011001100110100100000110010111100001010100011110011
0011100100011100000010000111101110101111010100100111110110101010
1110010010010111000011011110100101001010011100011000111010110110
1011000001101010010011000001001100000110010000101100100111001001
0111001001101110101011110011010001111101010111100000000100011111
1111101101000000010001011100011111110110100101001100110101011101
1110011110010010100010101100101011010000100011101010010001011101
1110010100111111000011100110100110100010111111100000010000010101
0101011111011000111101011010001000000000001111010000000010010011
1001100111001101010001110000110110100111101010001001110111011010
1001111010000010000110111010100101101100000101011101011000110000
0001011010010111100010001001010101011001000000001011100110001000
1000110111000110000101111011111000000111101001001000001010111110
1101010111011000001101111010110011110000010111010010101111011011
1110101101110100111001111001101101111110010111001100010000101001
0011101001001110101110101010001011000011100110010111000111101110
1100001110011110000101110101011010110101000100010000101010001100
0101100101001010111011111100000011010011011011100001011011010100
0101101100101011011001100100011010010100111111001110010001101001
1110111100011101010101001101011001110010111101010111100111000000
0000001001100010010011011110101001101001010111010110100110101001
0001101001000001001000110101111001111111011100101010000101001110
1101100100000110111001010011001111001001111001001001001010011110
1110101111111100101011011100101001001000100001001110010110011000
0111110000101010001011110001110101111111100000111111011110001111
1111001010110010100000000101101101011011110001001100001000101010
0001000011001011101101100010101100111100011100010111101010101001
0100011000010001010011001000101110111010001010001110111100100101
0110100100100010111001000010111011110101000001101001000001000011
0101110010110001011110111010100111101001010100100011000001100111
1101111110001111000000101110011000100000010000000101111110011001
0001000011111111000011101101111100001110110101101110100110001011
1000100110100000101110011110000010010110011100001010100010000100
0011000101000101011110101110101101011010001111000001111000111110
1001101100110110100111111110101010011011101111001001010001100100
1011011001001001010101001001001110000110000101000011110001000100
0100100001111000000100111111111100001100011101001100011101101011
1011101010110101101100011000110100011101000110111110111010100100
1011010100001110001010010001000011011000111110001101001100000111
0010110010110110111010111000001000000111111000101001001001111010
1001011011111011100100100010011111001001000000110011001011101010
1101111100111011001000110101101010010001110000010001011000101111
1000011001110111010001011000100011010111110100111011011010001111
1001100111110100111001010011101100100111001111011001111101111110
0111110101010100011100000001101010001000000010000001110010100110
0111010010000011011000110000001110110000001010001100110101011101
1010100011011101110111111110000001110100111100011110101010010000
1000101101000001110001011100001011001101100011101110101110101100
1011111101110110111100000110000110011001110111011000101101110111
1111010111100000100011101111110111100110111110101001111010001110
1010000001110011100010010110011011000011111110000111011111100001
0101010111111110110100110111100011110101011001001010100000101010
1010010101100001110101110100100111000001100011010100011101100111
1011101010000101011111010000111110110011001101110101000000101001
0100111010010110100001000111000100100100100110111110101000111101
0010100100111010101101111010011110101100000111110111001001111000
1101001010001010110101101011100100011100011110000001010000111110
0000010011100101101000000110000001110011100010110110101110000110
0011010101110110110001100010100111011001100000011011100101100001
0110001001001101000010000000100010111011001101110001001011001101
1101101001000010001100011010100100000000000011010011010100100101
1101000011010111001110100001010010101011100111110100110111110110
1000111000110101111010101010100011011101011001010101001111101011
0011011010111001100110111101101000001100011010001010110111010011
1000110000000111010000000010101101101100001010001111100110100110
1110001100101000101100000000110010000010010100101110101001000010
0101100011000111011110100110011101011100111011011001000001111001
1010001001111011010100000101110110011101010010001100101110100011
0110001110101100011111011110000001001000000111110101010010010001
1111001110011010011001100001100101110111011011010111011100101010
1100011110010111011111010011101010011100110101010110101010101010
0000100011110010000001111010001101100001010000100111001101000110
0100100110110001011001011001110111011010101000010111001000101000
0001100011111010100011110011101011000010100011110100100100011010
0000101011100100001011001101100100010000100111111000001000101010
1001000111101110101011101101100111101100011000110110010011100100
1110010111000010110011100010000100001001010010000100010100000010
1001111111111010010101000000001110000010100001110010000010001110
1001000001011010000101001110010100100111010111011111000100000000
1101001010001011111110111111100001111110100001101101111010011011
1100111110101001110101100011010000111101110011100000110000100101
0000000010110011110110011100110100000011101000100011001111011001
1111001011101111100111000101111101100010100010111001110110000001
1101010111110111101110100010111000010010011011011001010100011111
0010110010001110101010101010101101110010100000110000010101101010
0011110110010011101110110001010100111001111101110010100011000111
1010011110000111010110101010100111011010010000000100110001101110
1000011010001101010001010010001011101110111011111110010001101010
1100100010111110101101110111110110011010001100001100000011110010
1001000011001110000100110111000100001000100100100001100110001000
1010101100111001101011010000000011110110111110011101011100011111
1110110100101001111011111100100010110010100101110110001100111110
0110011011011010001000001110111100011010101101111111111110100001
0001011000100101000110010001001000111011011011010001000000101011
0100011111111111100100000101100111010100110101001111101000000011
1111101001001001100011101000011011000101011110001001000011001110
1110000000101000000111110010000011011011000101111011110110010110
1111111011110111111011110010111001110001100111011110100100100010
1001011101010101011110000101101001100000110110110000110100000110
0111001000100101010011101110001010110011001111011000100000101000
0100111101101111011111110000100100011110011010011101011001010010
1000000100111110010010111010110011111010101000110010001000010100
0001111110001010001110111110011011011101101000100000101011111100
0000110000100101000110100101010010111100001100110110000111100101
0000010101110011000110110100111101111101000110111101100010101000
0110011011101001011101111010010011111100000001011100100001010010
1101111100011011001101011100010101010100000011001010110000001110
0001100110100011001010111100101001111111100110010101101010000010
0001010011011101010000110010110000010001001001111101000011111011
1001000011100001011000001111111100000100110100011001101000001110
1011100110111010111011000101101010000011110111010100010001010111
1000011101100101010010101100110011010100001011100110001010110011
0100001101111000111111100000001110011111111010111000001101101010
0010010001010100100001010100011100111100111110000101001011110110
1111000100110000000001110001100011010100000011100000101001000011
1001010110000101000110000001000110010000100010101101111000101001
1111000101011101101001100011011111111011110110010001111000110100
1111111000000010101101010100111010100001100001111010110101110011
1011111101000111001011010000000101001000011001101110101111111111
1000100110101110110110101101110111010100110110101010111110101101
1011110011010010100100111010110001101000011111110100011010001101
1101100001010101100010001101101010001001010000000001100101010000
1011001000011010100011111111000101100001001111110100100100111100
0001010111111010010100010101110101111111111001001101100011100100
1010110010000101111001000010110100111101010000000101010111000010
1110011101101111010110101101100010000111101001000110000111011000
1000100101110000110010010001100001001000001100001101011101001111
0100101101111100011101101111101000000110101000001000010001110101
0011111101010100011011010011010110010001110000111101100110111010
0000100111101000101111011100001101001111110000101001010100110100
1111011111010010111001100010011000101100001000011111111111011001
0110100000001011111101010001111101111110101010101010011010011001
0011111001101010011001001101101111111101100001111111110001010001
1010100101001111001101000010101110010010111100110111010110011100
1000101011011000100100011001111001100101111111000110010000111100
1011010000101100000100000100011001010000010100011010111101110111
0010101111111001100100101110101000111111010000000100010000101000
1110001111011000000001000101101010100000001101111000111100001100
1001110001001101011100010010011111011000100111100111011010100001
1011011101100010000101101011101001110100011000111101010100110100
0111001000110010101100110111000101000000111111000011100000011100
1000000101011111100100110010110000110010100011110000100100010011
1110100001100001010110000111111000101100010000100001000000100001
1100101100100000000000011001011101000101010011101001100001011100
0110110001011011110011011111100110101000010111010001111111110001
1110100111101001000110000100010111011001111011110101101110101110
0100010010111000010100110111001101110010111101011101110101010001
0000111111000000110010100000010010000011010101100111111010110001
0101011000001110100110000011110111101000111110111111110101110100
0000110011101000111011010000000001001110000101011110100000011100
1101010110101101111011110101011001010001011011100000000101010001
1101100010100011111001000111000110110000110100100000010000111100
1101101010100000100100010010100010111000000010011100010111101100
1000001010111101010101100100111011010010001011001001110101000110
1110010001010111110101110010000001011100010011100001101010000001
1010011000000001001001001010000111010011100011000110110100011000
1011011110000110001100110000001011111000111100011100000110111111
1001101101000110101011000000101000010111101100110100101001111110
1110000001110100111111010111010010111011110001011111001000100001
0101000011000010011001110010001011111001010000110101001111010000
0101010100001000001001011011110011001101110100100011111010011011
0100111001101101000110101011101101100001100011101010001101000001
1011111000000111110101110011011001111010100110000101110101011011
1010010011110110100110010100001010011111000001100111111101111011
0011101110110111011101011101101101001100111011110000101000100000
0100100101010011011101001100011100111010001011100111001001010001
0001011111010000111100000100001110000000011101110000000001101101
0011101000010011000101010110101110010100010111110010000011001000
1000100001101111101001001001101010011101100111111110111100000011
1000101100100110111000111111001101111011000001000111000101111011
1110111001110000111101010111101111101100001111100001111000011001
1000010011110010010010001111110101100111010100010100100110111010
1110101001110111111110111001100111000010000111000111111000010111
0110110000101001011100111110000000001010010011000111100100000110
0101011100000001110010110000000010001001110001011100110110000110
0100110010000001100000101000100001000100101001000100110010011101
1001110010110110011100110010001111000001010010111000101101010010
0100110001101001110001101110001110101100001000101110000101110100
1100101101010111101110000001100001101110101001011010001000110001
1010110010111101100010010001111010100110110111010110100111000001
1010110000101100000110110110110100010100110011110000111100111111
0010101111101000000110010000101011100001000100110101001111011100
0101010000001000011111001100101001000000011000001001100011011100
1101101111000010011011111010000101001101111000111110011001001110
1010100111100110011100111011010110010110101000100011110100101101
1111010010110100100000001000000101000111110001101110011010011111
1011011100100100010100100011101000000011101011000010111110110101
1101111011000110110111110010111001110100110100110110000111101001
1010000011010101111100101011010110101001011010011110000010110101
1010111010010111001001110000010011000011101111101111111110000100
0010100111001100011101001101100111100000101010100111010100000010
0110110011101010111100111010101100110101101000000101000111001101
0011101000001011001110010101101011111110010001110100100011001101
1101110010001101100111001011100011001101100011101101000111000100
0100001011110010111110110010100101001111011011000110001001001111
1110111011000100000011110011011000011011101000000001110010011100
0110101000100100000100101010111010010010001111100100111100111100
1000010011001011101111100011110110101010101101000100110001110110
1001101011111100001110110111101111101100101111000110110111110001
1010011101001111111110001110001100111010110011100011000011000001
1011001110111101001110000100000011011000000000111101101000010101
0011100100111001111100001101010110110110110001110111011011000110
1100111110011010011100011010100111010001011101010001000101010011
0111111001001100011110001101001110100110001100101110010111011000
1010011001001100000100101000100001011111100010111001001010101101
1000011000010111011101011010011011000110111010100111111111011000
0011110001100101011111110110000111011101111101001110101010010001
1011110011011010010100110010000100100010010100000010000010101000
0100110001000101111101000000110011110010001110110011011100010000
0011001101010100110001000000100001011000100010110100010001001111
1011100010101011011000011010010100010100001011010010000100001010
0110100010110101000100111000011100000010101110010001101100110011
1010110101001001011010110101111001101011110100111101010101011100
1000000001100100010110001011110110110011010000111101010111111111
0101010001001110100010111000010101000110110110001001101010010100
0100001001101000100111001111101001110010111011011110011010111111
1001011010111001111011100001110100111100100101001001101100100111
1111110011101010010001000001011111111001101100000110011100001100
0001001110110101101101101001001111001100101101010011001111111111
0011110110010110000011100100000100100111000101010001000110001101
1011101110001100110010111100110100110100100011011010100000001011
0101010011100010100110100011001100001010110110011001111010110010
0111111001011001100011100110110110101000111011111011100111001111
1100000101111010001001001111100001011111000110000000011100011100
1111011100010011100010101101110100100110100110011110010001111011
0001011100110011110111100010100001010001010100101111101000110010
0101010010011011010010100000001110111010010101110011011000110011
0000101100001011000000001110101101111110000011010100001100100011
1001101011111011110111110111111011000100110011000010000011011111
1010111100001011000010100100011000111111111011000101111000111101
1100111101011100110001010011110101111011111101110111000010000110
1011111001110010010110010101011001000101010111011011100011101000
0110111101111101110101100000000110100100101010001011011001110001
0100111100011010111000101000000010010110111001110001110001111000
0101101001110010001011110001100000111111110011000101100011000001
0010000111001000010010110011011110010101010001001011100111000011
1010011000100111110110000011101100111001101100011001110110000100
0011011001010000101101000010001101011110001011000101001010110100
0000010101001100100101001011011011101010000000100011001010000101
0011100000100001110011001011011111111100101000111101100001010111
1010101010110110100001011100100110110011010100100000011110010000
1001001000110111101010101001101101100000011011000101110101100011
1011010111110111111110010010110110110110010001001011111000010111
0100110010101100011000011001001101111001111011011010110011110011
1101111100010101100100110101110010110101011100100111100100101001
0100010000110011011110010001110111000010001111110110110111100110
1100011101010111111101100101101101100000010101110011001110100011
0001000100000111101100011010010010111101110101101101100011001101
1101100100000101101010110101000000000110100100000010101001101101
0010100010110101000000001110111001011100011010001111111010011111
1101011000111001111011010000111000000101010111010010100111010011
0000010111100111000110100000000010000011000100000001100001111100
1101010010011001010101010110010110010111111000100111111000010000
1101101100100000111101001001110101010001101101111011111100100001
1110110110110010110101010010101000000100100000010000100000101000
0010000010111110101101110111101001000101101101110101011000110011
0001000111110100000000010110101010011111011001110011011010010001
1001100110101100101001010101011101110010101110101001011111010010
1001001101011011010001100101011010110000001111101100010010000111
1011100001100001100100101110000100110101001010110010001101001011
1110100100110010110110000011011101110100011110001000010001011000
1101101111101001001001001100100111110011111101100001111000101011
0111000110011010101001110011001000110111001011111101001110001110
0001111000000110011001101011110101000101001101000010110001001101
1000101101011011100010111100110011111101101011110011011101111100
1011111111010110011110111010111010101100011100001100100010010111
1100100000110110010010100100101011101111111011101001001010000000
1111001011110010101101001111010000011000001010100110011101111100
1101001010110011101010100110111011101000011010011111101111010001
1011011010111000000011111011010100101000101100110111110110110000
1010101011010010101110110110011101001111110000001000100100001001
1011001011110101001001011011101011001111110000001100101010000101
1010101100100100011000110000000001000010110001011000110101001001
1000110011101010011010001000110100111111111011000011010111010011
1101001110111000100111101111111110010111110100111100100011111111
1111010001110011010011000110011100101011111000101110110110011011
1100001110011110101101001010111010100001010011011011000100111011
0110110001101111011011000001010000011101010100001101111101001000
1100100100001000001011000000000001101001101110001111111001000010
1000000000010110000011011000100101001001010111010001101101100011
1011000001100000010001000010001011001100001011100010100111101011
0111110110010011001001101001100011001010111000001000111101111111
1110100111111100101011001000011100011111111100100000010010010010
1111010110110100001001001110010011010000001011100101110111001001
1111011010100101101001100100011001001010011000001011100010101001
0101100110000000000101101010110000000101010000001101000100111011
0101111100101010100101100110010011100001001100001011010001000011
1111101010110011001001101100101100000110010101101000110000100001
1000000110000111111101100011110000011000011101101100011011010111
1010101010100011111101111101010000011111000001010011001100001110
0010010011011001001000000001110011111111011111010111110110111001
0011001100110010010010100111101101110111010011001010100100110001
0011100100101110001111000100011011011000100101110100111010100111
0000111000100000100110100010000100001110111110101010110100101011
1001100011010110111010111100100100110100010110011001111001001111
0011100111010001000000000111001100100011100010010011111001000100
1001011110111101011100011011000000100011000110011100010000110111
0111001100011011110110010000111010001101101100010000110011100110
0001000101110101111001011100110101001100100100101100111001000000
1101000010010100011111111101011010000011001010000110011100010001
1000100101101111001000011010100001010101111000110010110000100101
0010000011101101110000110010101101111000100101110001000000111100
1110000100111001101111001111110100100100101110011011110101011101
0000010100101100001101000010010110001110010001100010001110000110
0101011101101001010000001010111001010100100010100010010110101101
0000101001101100000000010010111000001110001100110001111110001100
1001011000110010000000100100100100110001101011011111100101000011
0001100101001101001111000000110011011111011101101100000101101010
0100100101110110001111010101000101011111111001011111110001100010
1111010000010010000100011110100000100111011001110000101010000101
0111100001010010000100001110010110010111000100000011110101001111
0011000101111011001101110011000010000110111110000011100001101001
0100001001110001101000110101111001111010101000111100101110000001
1010000011000011010101100000100111001011101100010100000111011000
0010011100001000011010010000100111000110010111110010001100001110
0001001100001111001010100100001101100010100000101110111011111011
0101100001001110100000000101111111000010111110100101111100011001
0011110000100001010010000101100111010011100011001011010000011000
1000011010100011011110110101011110001101111001101010011110110001
0001101101000001000101110011101000110011011001110110111101110111
1001101011110110101101100000111010011100110100001011111011010111
0100110100010010100011101001100000100001111110010010011001011000
1100000010000100010110000001100100011110000011111100111010011001
0111010010101010000110010000100100101110000001110100001100111001
0110100011000110111111001011111111110010111100011000010001101101
1101111101001111011000011100101111011111010000011011100011100100
0000011110100111101011110101010101000110100111011010111011110101
0010101100000000110000101011011110101101001101000110100111111110
1111100011000110101110001101000000100110001000000101010001100001
0001110100110001111110110110101000000110111100101001011101000101
1001111101001011101011010100100111101001010000000010010111000001
0010001111010111100100011110110000110100100011111111001001111001
1001101000111000101100010110010110101100100100111110000100101010
1000110110011100110101000001100011111001111000100001010110010001
0110111100011001010011111110111100110001010100111101110101101000
0001001000100001000100001001110011110110000100010100011010100101
0000110011100011010101111101101100101111111000000000111100101111
1101101100101100011101101011111010110101111100010100001111000110
0000001110100011101101011101100101111001000011110110010000100000
1001101110011000001111111011010001001101110001010011001100010111
1010011010111100011100111101100111010011011001111001110011001011
1010000100011000111111000100101001100010110000110110010001001010
1100011111001011000001000000001001000100101111110001010010001011
0111110011100100110010000110010001011110000110101001001110100101
0101010001010101110000100001110001010000000000101001001010111011
0001101000000010101110101001110110001011010100110000011111011010
0111111000100001111111110110011010110010110100100001010101110010
1101001111101001110110101011111100101101001010111000001001100111
1101000100011100011000011001100101101101111100000100001011010011
0001110010110100010001100001101100111110011010100100010101101101
0100001010011011010111111110001011100100100001011101110101110111
0001100100001110010001011101110010011010111101011001110111100010
0000010101111010101001110110010011101111011101111001100000001010
0101101110011101100111101101100011110111100000011000101101011010
0101001010100100100110100111001110001010100011000110100000100011
0110011101000110100000111010010000010001100111101011000111111000
0110000111001111011001101110001010110111011111111011101001000100
1000100100010001010010001001110010101101010011011111100010101111
1000011011001001010110010010001111101001001101110101000010010001
0110101010111001000110110101101111001110100111100010011001000000
0001010111100010110100111000001110101100111111111111110111001100
0010100111011100011101010100001111101010101001100100011100110000
0111000001010110011010010010111110001101001011110110010111100001
0100100101011000010011100100100100000101011001110011011111111110
0100011001001010011111101000110111111011111100110101111110000111
0001100010110000110001011001100011110110111011000001010001100011
0100011010100111110000101001111110110110011100111100110111001010
0010010111011011001000000100100010111111110010000111001001101010
0111001011010010100100101001001101000110101110100000010100101111
1101000011010100001111001101000110010001000110000100001001001111
1101101100001000001001011001100001000101111110001100001111010100
1010010111110000110010111101101000100001010110100011110001001100
1010110001001010011111111001010001101110101000110100011010001100
0011100101011001110110000000101000111001100100101000010101000000
0111100110111100001101110101011100100100010101011010011010000110
1111000000110111000100111001001011011010000010011011110011011101
0101001001101010101010111010110011011010101111111001011110111001
1001111000001101010000110001110011011001110110111001110011100101
1011110100100101101010001111110100101000101110111011111101001001
1111111010101001110000010101110011000010000011110101110111100011
1001000101010111100001011011101111010010000100100011001001101111
1111100111101000100000010111110101000111010110001000101011100000
0101101000101110011011000111001111010100111110100000111010111011
1100011101001001100101100101100101010011111110100101011101100010
0000101100010011101100011010000110110001101001000011100001111100
1000101101101110101001101110000011101001011100100010011111111110
0110100101001010011000111001111001000010011011110110101111010100
1000000101011010100101111111000111001011111110010000101000011001
0011111010110010000111100111010111001010101100010111111001000111
0100101111111100100100100111011000010110111001100010110110110000
0101010100101001101011111111011010011001110101101111001010110110
0001000000100000001010000111111111101001011000011011101110111001
0000110010000101010110010111110110000110100101110000011001010110
1101011110000111100010100100110001111110001101001101110111101001
0000100111011110000001010110011010111010000101100111111111010111
1011000010101000000011100100000001100011000100101100111010100111
1000101101110100101001110010100001000000001111100011011101011001
0011010000010011001001011101000011011101001110000101110000110100
1011001110110011101111111101111100001001101010001111000110101110
0100010000000100100010100110111100011110010010110111001001011100
0000101100010101111011011100110011100011000010101011100101101111
0011100101001011010010010101101101001001011100001001010101111011
0000101100110110000000011010111111010101100111001010110011110110
1000011101110110001000100110010110100100000101011010100101001110
1111100001010011100000110011010010100001011010010100101111111001
0111000001101000101011010011011100000001010100100100110010110100
0100000000101110110100001000000010111001000000011101000010111110
1000101101111110011110110001101010001111011111010010011010100011
0000000111010000000110010100000010011110100000101011110110011010
0000111001000111000100110001111100011001010011110101010010001110
1111100011000011111001100010001001110110001101010001000001110000
0011111101111101111101100001011111010101000111001100011001011110
0010001011101101100110110010011000010101111011011111011100111101
1100011010010000011010001000010100000011101001101100000001010111
0111110000010110000001110011011001011011010110001000100110101101
0001110001010111111100010000011011110001010110110011010101100101
1111111001110001010110111110001101110001000110011100000001100101
1000100001100101001110010011110101000001101010100100001110001101
0011101001110110001011101010011110101110101000000111100101010010
1010001010011110110001011111101011011101001110111010001011010101
0111111000111100100001001001100101110101010011110100110110100001
0111101000000110100100001010001101111001011101010011011011101101
0010101010010110001001010010111001000110111100100100100000000110
1010100001001100100100111111101101010101011010100001110100101000
0111100010100101101000111000000100100101101011101101111011100001
0111001101010000000000100110111011011000000101110111010111010000
1101101100001111000010111010010101001100110111111011101111010001
1110110011110001100001100001111111000010011110110110001011010000
0100001101001110110011011000101000001111110000001101101001001011
1000100111110010010001011010110111001001001001011111111011111001
1010101001011011100011100101000100101010011110000010011011011110
1011010011001000010111110111001011110100011100000010110110100101
0101110110011011010101110100001110111010010011011011011000110001
1111011001101010011000110100110100110011001101011000110000101011
0101011011011001010101011100011111010000010101101010101100101010
0000001110000000010100001000001010010101011001100110001000100000
1010100010111101010111100001001111110011011011100111001111100110
1011000001111100010100110001111001100100101111110000111011001001
0010101110010011101000101000000001000111100101010010010000011010
0100110010100110100100011111010101000001110100110001110101101010
0010010111001111101001010010010001011110101011110010011000011011
0110010100110111000101011000000110000100110011100001101000100100
0011110011010001011000010110101101001011111010010101101100010001
1000011011100100100101000110000100010011110011011100101000000011
0100100101001111000001101011111101101000101011001000011010111110
0111000101111110011101100100000101100111110001101001000111001001
1010001011010000000111000111100101011110110010111001110110100111
0010100110010000111110001001000001101011001001110101111001100001
0110101011110001100111110011011110001110111000001000100101101101
0100001101100011110101010000111000001110011000101000011010110001
1100101110101001101000001010101001101010101001000100101011001011
0111110010101000100001110101101010000001001010110011101110100100
1111111100101100011110100010100101001101111110101100111100000011
1101101010011110110000001101111010101111010101110110001010100001
0111001110001011000000100100100100111001010100100001110001001011
0000000011111001100010000100000101010001101001110111111110111100
1100101100001100110011101101001100001111011011100001111101110101
0110010010010111011010001110001001111000110011000000001001101101
0000111000101001101011000100110011101101110001000100110110011010
0101000100010100000110101110100000011111011011100100111010010101
0000110000101101011101010010101101111101001101111001001111101110
0110100101011011011101010001001100010100001110101100101110100001
1101100101101101010010100000001110011011000000011001001111011110
1100000111010011001010011000000010100011110011010001010010000000
1010011100100000100010101010010111101011111001111001111010100000
0010110111110000101111001100101110100101011101110011101101111110
0110100110111001011010110101111110010010101000001100010110111110
0111011011001011110000001000101100101110110101000101011011110011
0100101100111001011111100000100111110100011000110111101110010100
0001111100010000010000100010010100101010000101111011010111110100
1110110000001110000110000010111100001000011001110001010010001001
0001100010001110000001111100111001000011100011110001110001111010
1100001001010000010110111010011011111000111100000001011000111001
0111001000001011100001011011101010111010010101111010111000111010
0010001110100011001100010001100000010110010001011010000110111010
0100100111011010101011011101111101110110000010110111110011111110
1111001101011000010101000111000010110000101101001110001101100011
1001110101100001111111011001110010010000000100001010001110101111
1000010111100111110111100011000111101001101111111100100011110101
1010100010000101000011010111111101011101011011010111001110011000
0011010000111011010010111011000000010011000011101000110011101011
1101011110010110011011110011010100001011100110111100001001000101
1000011001111000000011100110010001110110011000101000000010110011
1110001110101010001111010000010000010000010111111101010010101101
0010001111011101010111011111010001110011110101010010100001001100
1001100010100100011100001101010101000011111110010110111110001001
0000000101011110110010000110011011000100111101011101100111101001
1110000100111110100101101110111110100011110011111000010000100010
0101100001001100110100101101110100110101011000100011100101011010
1100011101010010110110110100000110111010001000010010101110000111
0110100010000011100111011001010111110110011111001110001100110101
1111100011010011111110111101001100101100100101001010011110000111
0110100000011110001101010101000000001011111000110101001110000111
0111111110001011000010111100000101000010000111001001110111001000
1000110100000000010100011001001011001101000000011100111110101110
1011011011101100011011100110011110011010000001010111101100111111
0011100011010100110100111001011111010111100001000111101111000011
0110101100110010010100101011011010001000111100011001010100001000
0001001110110001000101111010001000111101110010001101010001001000
0110100001010110001001000110111011011111000001010001010110100111
0100111101110000100100011011110000100000101011001111111001000001
0001000110001111110000110111101110111001100100101010111011101110
0101101011011000110101000001001111001001001010011011000011011110
1011011110001110000011010000001011100111000101100010110001100101
0100101111111101000111110100100100010110000011110101011001001110
0011010011000101101010010111111110101110101101000101111001010111
0010101100001011000101101010010100000010001011100000101101110010
1100010100010101111110001101000101000010001010011000010001010011
0101100110101000100110100011011101000110011110100001011101101111
0011101111000011111110001111110101011000001010111101001001110100
1100000001010111111111101100011000001110101001111111001010110011
1111010110101001111110000001100010111111011011011010111110000100
1000111100101000100101101011100001000001110010110011101110101000
0101011110100110101010010110100111001101001110000100101101101001
1011011100011110001001100111000111001110011001001010001010111111
1101101110101010111101100011001011011100101111100011100110101111
0001101010011001110000101000001111000111110010100101100011001001
0000010011010010111100001010001101111001111000010011101100010100
1101010001001010101001001010001111111000011011001011010100010000
1101101010001010100001001101111100010111010101010000101110001001
0000111010000110000010111010101000001111000000100101000011101010
0110110101000111110100000001100110010001110101101100100010110111
0010111000000011011001110110011011010100100100000100110000110111
1011110001100010000100000110001100010100001011011111101100010111
