1110110101010110101000011101000011001010010001011111001110001100
1100110011101010001110010111111111110100001100001011110001110101
0110011011011011010011100011101110000110010010100011010000010110
1000001011101011001000000110100001010000010001001001111101001010
1010010111101010000000010101111001001011100011001111111010011000
0010000110001100110100111100001110111001100001100110100110100010
0100011100001100011010101000010110011000011110101110100100011000
1100111111100001010000001111100000111101001100011100000100110001
1000010111010101100001010000000011111110101111010100111110011111
1101110000101000100101011010011100011110101000000001001101011010
0100011111000101110000011110011110101101000110100011100100000010
1111110110011101100100100011111010101100001000101000101010011000
1100000010000000010110001110011011100100010011100100011010111111
0110100000101010011001110010011000100110100101011100101010000011
1110100010000110011101000100000000001000110110100101001111011100
0110001011001010100001000111101101111010011000011000110001010101
0000000000110001101000010011111011110100000111000000111111001011
1010001001101010001101011110100110011011010100001111100011011011
1000000010110010110100000011010110001100001110011000101110110101
1010010011010101100100010000000000000011101000011110000011011111
1000011000001111101111000011111000101110011110110110110100100101
0000100101100100011111100100010101111110011010100011101111101001
1001100101010011100001101010001100000011000001111011010001010100
1111111111001101111011100001011101010010101111111101001001011001
1101000101100111100101110110001111101011110100001001110011101000
1100100111101000100001110000011101001111001101101001011100000111
1110011101011011111101000110111010101011001100101011010101111010
0100111110111100111111001101011010000101110010001111011000010010
1011101000001111011111110100100001101000001000000010010100011100
0000010111110000011101101100100111101011001100010010111010101100
1110110000000100001001101111101010001001001001001110100011010110
0000100110000010101101011000110101110110010101001011000100001000
0110100010111100000000010011010101111111100101011101100000100011
0110111001000110110101011000100011111110001001000001011000111110
0111101000000010001011011001101000111001011110110110110011011111
1010000011100111010011011010100011110111101011111101100010100011
1001001101010011001011111100110010000011010111010101100111101100
0111010101000001110010101001001111000001101001010111001000010111
1110111000110100110111101111110010111100001110010000010000010001
0111100100000101110111010101001110010010010000100101101100111000
0001001101001110001010001111011011100010110011000000110010100010
0001011110011111000110100100011111001011011110011011011001101010
1101101000000000010101101010011010001001110100111110100100011011
1000110110010010101011111011011000000110110110110101101100100101
0011100110010011110101101011000010110011000000010101100110011110
0110000101110000101000000111100110010101001111001110010010111000
0000100001110101101000101100011110010010011100111101011011100101
1011101110001101011001101110010100101000110100101101000100110011
1101000000001011100101001100110000001100101010001011110001010100
1010001110100010111101011000010010110111111010110111111010101100
0110011111111000001000010001111100111001011001010001111001010001
1001101111100110001110000100001000110100011101011010011110010010
1111111000110001010110001100011011111111100100110100010000001101
0101010110000111101000101000011100110011001101111000110110010111
0011110101101011100111001110100010111010100111000001111010101110
0010111001011111010001000110111000111010000100010011001000111010
1011001001011111011001000011100011101010100010001011000100000110
0010000110010101111010001000001111111111011111101010001101101001
1011111010100011111011011111101001100011100001111000111001011110
0010110011000000101011010110001011010100011110000010111010111100
1101111110100101110011101100110110001001100000100000001011100101
0001100100111111111101011100001101011001011101010000100111010110
1100001110010001000101111110110000110000011001011010111101011000
1000010011110101000000101001000000010101100001001101110010100011
1100100001111111100101101101010011101110001001111001000111010010
1010110001110100100011110011000111011001110111010100111101000110
1110111100000110010100010100111010110111011110111101001011011010
0101010110010100100111010110011110110000010110110000110000101111
0000110110111000011000111111011011110010111111010011110101011010
0011101000111010100101000001101101000110110100011111100100011011
1110101010010110011110110111110000100100011011001100001110010100
0110000111101001100110000010011010011011001101010011100000010111
1010100011011000111110110100111101111111011001111111111010000101
0110111101100101011011010100000111001011000001000010101100111111
1001011101011011011001001000001111010110101101011101011010000010
0111100101111100101001100001000101111100110101101101101100101100
0101101011100001110011110100100110101101111011101011010011000011
0001010111011110101100001111101110101100000110111101001101110010
1110100001000111100011110011100110110101001110101011110100101110
0110000100010011110011110011100100101110100110001001001010001100
0100110000111000110101011011101111000000000110001100100110001100
1110000000110111100110101100000111011101101101100111001001101110
1110010110101011011000101101010110110110101100110110000000011011
1011100010101110100000111111100111001000100011100101010010101001
1011000001011111001001010100101111110101000000101001101011000110
0011011011111000101011000011111001101111100100101000011101110101
1110011110100111100110011100000000110111011000111110000001011101
1100010010011100100010011001010110010111110101011001001100001110
0111110001101101010110100111010101001110000110010001100110000101
1011101110010101000111111101000001000010110010101111010000010101
0101000000010100010111000000000000101101010000000001011111000101
0011010010000001101001100001100110100101101000001110111111000101
1001101100100110110010000110110000011010010000101001010000111010
1011010111110111110011100110111101001000001110110111110100000000
1100111011101101100001001000111001010010001100111001010010111100
0001100100001100000000011000110100011111000011101110000110100111
1000110111000101010010111110000110101011111111000000000111110110
0000101001001100000100110111100001101111011001110001011110100001
0000011100010000101111100110001100001111111000010010011101110101
0010110101100101010100101001110011101000000011110100111001111011
0111101110011010011111110011011110101001011010111000111000000100
1110111110000011110001101000000110001000101100010000111000100101
0101110100100011110001000010001000000100111000011011000101101101
1110101101000000101011111111001100100011001010110110111011011010
0110011001000100111101110111001110101101000011000000000001111111
1111111011111000110111110110101100010001010001000100101111101010
0100110011100111010011110000101101010101110011011100011000101001
1101010001111110101100111010100101110010100101011110011001110010
1011000110101111110101111101000110010110110101101111011011100111
1110100000100100010101011001000001100001110111110001000100001011
0100011100110001110101111011010010001011111101001100101100111011
0101100010001001110010010101001101001111110011110001000001000101
0111110011010110010110010001101101011110110011001100100010010000
1001110110111010111000111001101100011111100001111110100001011001
0110111101101001001111011000111010010110101100010110001111111110
1000000100100000101111101001000110101001101010111111011101011101
1001001000101101000001000011000000111110101010101011101011111111
1111110001010011010010011111011010011100010010001001100100001101
0111100100001111110010001010111011000110010000101011110110101100
0111110011000010110110000100110100010101100010101110010000001100
0101101110011011101100010011100101000101010101111111010110011010
1100110101110001100001011101001000100010010001100110011001110001
0001100010001001100111000011110100101011100001110011110000011001
1100011111111101111101011101001010011110001000110010100111100101
1000111110101111000100011001111011100010110101011101010100110111
1111110101111001001100010010111110111101000100101101100111010101
0100001000011101101101100001010000011010111000011000101110001010
0101101000110000111011111100101110010110010111101101101111011011
0111110000000010001101001010011111011110011110000001100010100010
1110010011000110111110001001110100011010001101001010110001101011
0100101100111100111100000001001000111011011111111111000000101000
1100011110110111001110000001111001101000110111011011001000111000
0101010011000010100000010000010011010000101000010011101010001011
0100000111101110100000010000001111111110000101000011111100010110
0010011100001100000011011101011110110100101111110100100101000100
0010001001100110110010101101011000111100011011101110000011101001
1110101011001111001101101100111110111000011011110000110011110100
1000010100000000101111111101010000100010100011001111110100001001
1100011011000000110011111111101011111111110000000010100110001110
0000001000110100010111000101001111011010001100001110011000100100
1110111110110010100001001010101011011001111010010110110110100000
1101000111110001110100010010111111001111111111011100000010111110
0010100001100000101101011100010001111111001000010100100001000110
1111100100110101100101101111011011001010011111000011010001000001
0001101001001101011101111101010001111011001011110110000011011000
0010001001101110010000100011011101011110000100010010011111010000
0000100110010101011000000110110100001000110110011111101110101100
0001101110111111100010100111111001001011110011100111101000110101
0010001000001100111011000101011000110001010101101001001010000111
0010001100101001001000110100101010101000000100110100001111101111
0011010101101000100010000010000101100101111101000101110110000011
0010100010001101011101011010100111111110111110000011000001011100
1001011111100110110000001000010000110110100101011100010101110001
1111101111001110010110100011100101000111101101110100011110110111
0001100011001101011101100101001101110010101110011000001010111101
0111100110110110101101110111001111000000000000000011110011110010
0110001001110000011000100010101110000011011101000010001010000011
1011010011101010001100000001110011110101101110111111111111100111
0100101000010100000001110100100010111001000011101100011110101111
0011011100000010011001001011110011101000010010011000011001100000
1011010010011101100100101010100011010101101100111101110000111111
0001010001010111100111000001100011100010010100111111000110001000
0110010011100001111000001111110100111011101001011100011001100001
0110111000100001100111011000100000111100101100101111000010011111
0010111100000100110101011001100011111111001010010000100111010000
0001111111111111001000000101110000010100111111101110100010011000
1111110101100100100011011111001100100011010000100100001101011000
1101001110111111010010101011001011001000000100111001000111001000
1011001000111000001001111101000101000100010111111010100100100000
0000010011110101100110011001001001011100000001111101101000000100
0101110111001010000101001010010100101000111000000011000110111010
0011101101000101010101000000110001110010100001101011011111000011
1010011101101100010100111011010110010000101110000100010110010010
0001001000010100010110100010110010000000010111011010011110011010
0010000011101010101100001001001100110000010101011110000011011100
0110100001101110000000110001000001011100110100101000110111010111
1111100000010101110001011010011010110110111010011110010100111101
1000001101110000000000000100000010000111101000010001111000100011
1101000011001011111101010101100011100110000011111000100110101110
0111000000011100111110101000011010011000101111001111111101101101
1101110111101111111110001100100010111110101001101010110011100011
0001011001001100001110101110001110011101001011010010101011100111
1111110000010100111111110110000100010010111101001001100101110011
0111001111011111011100110111101111101111100010001101111011110110
1110101101010011011111110000100011000011101110101011011001100111
0110111111101101001011001100100111100111001110101000011010100100
0101111001100111001100101101100110110101000010001000000100100100
1100110100011011001101100001110100111000001100010100001011101101
1000111011111011001001011111111011011111001110101100001100001110
0000011110101110000110011011110010010110110101101001000101010000
1011111111111011001111000101001000001111100101111011110111101011
1011011101100000010110010011110110101111111100110010001110010101
0101011000001100111101100011010111001000100110111111011010011110
0010011010111101000111101111011011110011100110101000101100110111
0000110011101100100111100110110010110100011110000000110100111111
0011000100110000010111101011100000110100000111010001101101000010
1001100000101111111110100011011101100111100000010000101111010111
1111110011100000100111101100110110011000111110001100110111101011
1000100110100110000011100001111111100000010011010010111000100001
1110101010001010111110101100110011111100110101110110001011000011
1111000100011111000011010110101100101101000110001100111010000101
0101110101011101100110101101001001011110010011010010011110100010
1011100111011010101011111111101011101011101011010001101100111101
1000111001011000011100000001100111110100110000100101110010001001
0001011010111100101011110000100111111100000111111110001101010010
1010100101111011111011011000001010101110011101000101111111110111
1101100000101110001101001001001100111010000001101110100110110110
1010101111101100101100110101001110001000101000010111000010110101
1100011101000110001110001000001111000110011110110010000011001111
1010011110000101101100100110011001111111001100000101001110101111
0111001111010111010111100110000100100001000110100110101101010010
0111101101001101110111001001011100010000100010001110100011111101
0100111101011010000101111001100101110010000000111101110000110011
0110110100000010001101110010011001010111011110110100010101110010
1010011100010110100011001110110001000001010001010101100011101100
0001110011010001011011111001011010101000100101011010000111011001
0001101010000111001111010101001010011000011110001111000111110010
0110111000011001001010111001011001111011010001100010111101011011
0110011101101111010110111100111001001010000111110110000111010101
0000000000001111111100100010011111101011100001101001000011010110
0001110111111000100011001110101110100101011011100011101000001111
1001110111001001111000110011110101001100010110000001100010000001
0000100011000011101111110101010111110101110010110001001011100000
0100000110110011011111110001110101101111000000111010010101100000
1001000111100110000100101111111100010010111110000000001001001001
1000110100111110111110111111100000111001011110111110011100001001
0000101111111000011000010111111001011010101111011011010110010100
0101001101100001110011101010111111110011100000011000100101010111
0110011000110100000011001010110100000000101111101000011110101101
0001001101110001111010100100001000100010000100011101000001101111
1111100101001101100011110100111011100011111101010101100110001101
0001111000011000111111001011001101001001110111011010000011100010
1100110010111110010101001011000011110010010001001011101100011101
1101100111010011000101110010101010001111100110010100001000110101
0111011000111111011001010100010100110001011100110000010011111001
0010101100001010110110000101110000110101000100010001111101000101
0111100000010010000010000010100101110011010001100001010011010101
0010011001001101101110101100000011110010001010111100100101111001
0010001101111101010110101100111101100001000000010001111100001011
1000000000110010101100100101101110110001101101000110010101011100
0101010111100101101001000000110101101010100001100111101101001100
0001110001110000000010111111101100011110010010111101011100101101
1000111000111110010111010101000111111010011101100110001111011101
0011101100100100011001111100000010100001001100111101101000000011
1010100110101110001100100010100001111011100101001010111011100100
1011001111010001001110100101101110001110000101110010110000101111
0111111110010111000111100111001000110011000110010111101111001000
1000000111011100100010001100110000000010111100010011010001001001
0011000110101010100001100111001111011100111010001101111011100111
0010011110101010010100000100011001110101011011111000111110010101
1001001001011000010101110100110010101101101010011001001110111111
1010110011111001111100110011000010001001100010100100011001111101
1110010110001100111111010101011101100110111110100111100001001000
0011110001010011111011111101000111011110011110000010001000011000
0011110010111111100101101111101111110110101010111111001010001101
1000110101110101100111110001101010011011000011101000010001011000
1000011101100010001001101011000010101011010010101010001000011101
0011100001100111100111100110001101010010111000000010011010001001
0100100101101011001101000111111110011000101000001000000011100011
1111100011101100000100010101101101100101101011111011111101110011
0111011010001011101001001101101101010110011010001011101001010101
1011110001011101111111010010110000100101110001111000100111100011
1000001001101010100111001100110000101100000000001100010001011110
1100000001001111110010000111010101100010110000000101100011001111
0101110010011001001100101101010111001000010001101110000000100110
0101000110011000011101100101100110000110010011011111100111000101
0011001100100000010110001010111111111100001001100000010001111101
1111000000111111101010101100010111011000000001000111001001011110
0011101010110101000001110011101000110110111100001100111010011010
1000000010111111000101000001111101110010101110110110110111101010
0101000011101101101001100001101100000000101000010001000010111110
1010101001100000010010011100101101110010101000001100011010101110
0000010010001110010001111101000000010100101111010010011101101111
1110101011101010101101110010001110101111001111000101000000101111
1111101001001011101010100111001001001111010101001010010111001000
1101111101000111101101110010101101111110000001100001001000100101
1111011111011000011110100111011000000110101100001111111110111111
0111101101101101000110001010110101110110001001101001001001101001
1111000100101010011000001100100010111001110111100001010101100010
0011100111110100101010000100110100001100100110001010000011110001
0111001010000110100100011110111001111111100011101001101101100010
1110110110100001110111110100001101011001100011011101011111011001
1010001111110010001111101111010001010001011100101001000010010000
0010111110010110010101000100010100101101011100001000111100101110
1101111000000001000111001011100011111000010001100010111110111100
1001011100111000110001111101101011101111011110101110010111100110
1111010001100011010000110000001011111001110010111101011100010000
1111010101011001100011101010111000110100100100011101011101000101
1000111111010001011011011110111110010000111000011011010011001101
1011111001001101001111010101100101010010001010101011010011100010
0111001101101111111011110011001110100001010000100100011100001001
0010101001001101110000111111101000001010000100001011111011111011
1101101010101000111010110110011001111100101010010011101000010110
0110011011101011111110011011101011011111011100101011110001101011
0110001011010101001001101001000110101110100011110100110001111110
0010010010111001110010011011001111111001010100010011111000011000
1010111110100000100000000111001011000011001111000111010101010100
1001010111111101000000000110010011101101101001010000010111110110
1110011100101110001010101111110011101000010011000110011000101101
0100010111010011000101010100011000101100000000000110101111100000
0100001110010110111111011110010100011010111010100011011010110110
1010100101010000111011010111100111010111100101001111000100010010
0110110100001101100011010100010010001110100010110010001111111110
0011101111011110011011000110110001010101001001000011100011010000
1000101111001001100100011101001011001110110010001101101011001011
0110101100100101001110111111110110011011111010001001001001101010
1000011010000101000100001011011100001010011111100001101100100010
1111111111110000111001110011100100010000110100101100010000000001
1110011000100011111010001010011000011100101011000000000100111111
0111001100000000010010100101101111110101100111001101101011000101
1101011101000011001101101000011000100101110011101011111001110001
1000111100011100011011101001001011010111101000111000000001011000
1101101001110101001111100000110001000010011111000101010100000001
1111010001011000111001001011110010110101111000010101001111111000
1110001000111111010111010000000110001011011101110010000100101110
0011110111000010100000100011111010111111001111001100011000001011
0011011101000110000010001110001011000000111011001000011111111101
1010100001111000001000001111001001111101100010100110110010010111
0100100001101001001101011101110000101100001000101110110000101000
0111011101110101010111110100100110010110100100111010110001011110
0101001101011100001001101001001011010111111110010001111111100001
0001111100001101001101110111001011111101011101111101001100000101
1010100010101010000110001111000110000001101101101001010110001011
1011101000101100010001100000011011110010010111000101010110111011
0111011110010011010100111000110110000010110001100011001110111010
0001110000011110010010101001001011011101100100101000010000111010
1011011001001101000001001011100001111110011101001101110001100110
0110111011110010100100000111111010110110000100100111111001100101
1000100101000101000100100011011000100110000001100000101001011101
1100011001011101110101000111010101000010101101110010111101111101
0000010110011001001110001010111111100100010101110111010010111001
0010110000001011111011001100111110011000011011111110001000110100
0100010110001010111100001101100001100110101111100100001001000110
1011001111011110110101010001001010000011100011111110001110011000
0011111110010101111010001111101111010101001000000011001010100001
0000011111010110101110011100101110001011100100100010100011111000
0100111011100001011100101001011010111110001010010000000010100011
0010101111000010001000100011001101010101010110111010010111111101
0010101010111111001010010101000110100010000111001011110010011110
0010111011011111000101111010100011111101011110100011110101110111
1010100000000100111010000000010000101000000001110010111111011010
1101001110110100011001000100001000000001101011111000110100010011
0000110011110111101001101110011111100101101111111001111100111000
1111010001001011100100101110001110010110010011110110111011101101
0110100010000101101000000110010001011011010000010101001101011111
0010100101001101001110111100000001111100110100000111011000110100
1100101010100100000110011000010100000100010110001000000111001011
1110011010101111101110000101101000111101011000100110100100011110
0000010110111100001000101011100100000000000110001111110011100111
1101110110000101110001001101001101000011001001101110111101100000
0000111110110010100101110010001101011000110101111111001001001100
1111100001110001100100110100100000000001010000101011111000111101
1001100010000001001101100000101101000011110010101110001100010000
1001001101110010001111000001011000110001001001001011110100111011
1100001110010110110110001100011011011100000111011000101100101100
1000010110101111011101011011000100100111101111011111010001011011
0110010011110000111100110010110010010100000100100100010110101111
0011010000101100100100010001010100011011000001101100001000101000
1001011010011011101100011010110000010100001111101111111010011101
0000111101101011111110100111101011110001100000011001101111011110
0110011111001001111100011101101110001000111110000010101001011101
1011000101111001100100001100011100010110011011101110110100101101
1011011011111001110111101001010111101101111000110010100111110101
1110000010111001001000100000010010000011010000011100100000010100
0001001011010100101100111010011100011111010110000011100011010011
0011111000001101000010110011110001101101001010101111110001001011
0100010101011100100000111101001000000000000110100000101011000110
1101000110101101010100010011100001100011000110001111100111100001
0000000110101001000001100000010001001100001100100110011010100011
1000011111000010110010100111110101101111111101000011100011011010
1001110111111100101011100101101100110111101100000110011101011000
0001100100011000000001100101110000011111100010010010000101111110
0000000110011111101110000110000110011111011011111000010100011000
0111101001011110110010101010000101001100010001101100010000010111
0101001110110000101010101110111010011111111101000100101010001001
0101101010101101111011101001110010100001011000010001000100011111
1010100101101001000101001111000111111001001000111111111001001111
0110110011000101001011010000101101101000111111101110110010101001
0010001001011110010000100101101010101010001000001110110110111100
1011100111000000101101001010010000110001111000110011111110111110
0010011001010000101000101100111111101000000101000000001100111110
0010010101101111001010001010111111001001011111111110010000100111
1011100101001111011110110010011001000100010001100000110101011110
0001100001000101000110101100001110000001100110111101011110101101
1000011111101111001111111001000111000011001011111100001110000001
1000101000010110010110111110110111110000000111111110101101100011
1000111101110110001100111101110001111111010010010000011000000000
0011010100110110101101101000010111110001110010110111000111110110
1100110000110100001001011110100110101111011101111001111011010010
0100000000010010001100100110010000001000101110101001010011010100
1111000011110000011011010011001000101100001111100111100100101010
1000011010100001110100000111101001010001000100100001101000110001
1011111000100101111000100010011110010101000101010011010000111110
0011001101001100110000100110011110001010010110110100001001111100
1110011001101100111101100110000110001100011100000001101010111011
0110100100000011111001011010100111011111011000100111001110101000
0101011000100110011111010011101111010110111111011100101010010111
0001110110100001000011011101000000001111011100100011001101111011
0011111000010111001000010001010111010111001000010110111001010011
0111101101101000111101010111010010111000011001110101101001010101
0110111111000101100111100101111110010101100100111011110000110011
0011000111101111000110010100000010100011011100001110101100111001
1010010001000001000000001101010110101000101101101010010000101111
0010101110111110001110000001010110011101110110100110101010011101
1000101101101011111000110110011110000001011110100011001000010100
1101011100101011011011010111101000000001011011001000100010010011
1001101011011100000000101111100110101010110011110111000011110110
0111111011001001011110111001010011101101000000001000100111010010
0011111110101011100100001001000001000110101001101001101010001101
0110111000100001000100101011011001001000100000110111000110101000
1011100000011110001111011111010100010111011111111111001110001001
1000101011000100011010101111110101001000101110011111000010010100
0011000100100110010011100100001011000010101010100011010100101010
1111000100110010100010011111000011111001000110101000010000000110
1101111010000001000111001000110111001011010000000011000010010010
1010000100110111110010001001001011100110100001011011001000110110
1110111110110010010010011101000111010000011000010010011011000110
0001010101100010110010100000110100111111000110101000111111110111
0111101100010000010011101111110101010111100011001001111001110000
1111010101011000010011100110101011110100010100110011110111010001
1101010100011110101001010001111011011010101010100001000100000000
0001111011111100101101001101111001000011001001001001001110001111
0001010110010000110100010110111100011100100101101010010011000000
0011100000101011001110111011010000100100110010011001111001000010
0010100101001010101010010001011101101110010110101011001010011111
0001010101011011010111001100101001110000110100101000001000111010
0110000001110110111010101100110110010101010100100010011100110100
1110101110111000111100100011011000011010110101110000010101011101
0011011001100101110000100110000100001111000100110101010001011011
1010011010011000011110110101010010100101101100101011101111101010
1000011010001011000001100011000110110000101011101001100010011001
1001010110011111010111110101001000110011111011101001000101111101
1010001100110110111011110101000101101110001001110000001101001101
1000111000111011000101001010111100000101110010010011100110110110
0100011110101111111101101011110101001011000110001111100110010111
1100010100111101111010100011000101010100110100101111101101001110
0110011000110100001010100111111001001001000110100101000100011111
1001100010100011001001001001110101111000100111010001101010111110
1010010111000000011001010010100110001000010111000101111100001110
0100110101000001010001100101101111100011110111001010001000011000
0110011100110011011001101111100011011101111111001100001001111000
0110001001110000001000111111100110101100011011111011010010001010
1101010011001001101111110011000000011011001011100110100000010010
1010100011011001101011101011101010111011011101000001011110001001
0101110000000110110010000111101110001111000001011000100111110011
1011001110001000001010110100101100001010001110110111000001111100
1011100011001100100000011001011110010011001101110101110111110000
0001111101101101001011101101101000010011001011110000101001110010
1100101110010011101011111111011110110011001111000110000001100111
0000110000001100110101101100001000000111110101010001011000011000
1001110111100100110010001011011010100001111011101111101011111000
0100001111011100100111110111010100011001111001000111101111111011
0111001001011001011000101011101000110011101011000111111100011010
0111000100000001111110000100010100011011100101000111101110001110
0111010011011011111100111001000001101101110110110010111110000011
1010100111001010010101101110110011000001010101111010110000010011
0101011110110010110100000000010000000000000000110001001111001100
1110010110010111011000011100101100001010010011100101010110010111
0100011010100011001101011111000111101110011001110000010100100011
0010110011100001100001001101100101100101100000001011001100000001
0101000100110010111101000110111011111110000011010111111010011011
1111000000111011001110001000110001001111011101010100101010001100
0001111001100111100010000001011010111010100101101110011101101000
0111111111101011001000110100001101001010111010100010010011010011
0010000110000001010001011101000100111011101100001000101000010110
1111001100111000010110110010000100000101101001110010011000100111
0010011011011101100011100001001010100101101100011110110111001101
1011101000011010010010111011101000101101101010011011001011111100
0001011111000100101010000101101100101000000111010100101000101111
1001100100000100011001100100111110111011001100111001101110001011
0011000011010010110110010100001000110010101000000000010110000111
1111110011100100111110011100011100001100110100000010011001111111
0110111011000011101001011110101010000110100101101111111101000110
0100010100100110010001110001110101110111110111011110000000010010
0011101101110100100001000011101111010111100011000001110011001100
1110010011100110100001001111010111001010001101101000101110111111
1100101101000010011001000111010001010010110101110100000101111001
1110111100011001011011110101000100100111000011010011111111001110
0010010001010000100001100011000010011101100011011100001011010111
1001011011110111011100110001100110000000000011001111001110001000
1111100100001101110110010101001001001010100010111000000000111110
1011111011011100001011100000000101011011111100010101101100101011
1000010100010010110000000000010010111011011110110010011100011001
1111010101110100101101000011110010011011001001011111110011001001
0111100010100111101110100000110110100111110000110011010101110001
1111000010110000101110100000000100001010000101110011011110101000
0111110000000101010010111001100110111000001100100111011100100010
0000101101110000000011000100010011100101001110100100001001001100
1001001000010101100101111011000111011101101011110011111101101111
0110110010001110001001000001100010001001110010110111110000110111
0011110101101000011101000100100101001101101100000001110011011100
1101111111001110001110101101011101001111011111011010010001011111
1101011000100101000111000110101101100100110010000001100101100001
0100000111100011001011001010011110010011010110110011001001101010
1101101001010001101100011110000011100011010100000110110100010110
0100111000000111000001111010011110000010000001011000110110010100
1110101001010000100111100011110101000101100011101100100101100100
1001111010011111111100011001110111101100110010001100111001011100
0001000011110111010010011100000100110110110000011000111001000101
1100110110010010111000111000001010000011001111001111111011101101