1010011111111010110011001100010101111111010111000100000111100110
1101011100010110010111110111000100001111110011011110001001101010
0010111010101110110001110110111000001110101001010101000101001011
1110001000010110001001111001001111101011100111111010001001111011
1001101000110000010000011111000111110011101101101110101001001011
0110101011111100100101110010010101110111110000110001111011001110
0011111100000000010101101110101001110000010110100101100000011010
1111011011001110101110111110111011110110101111111111110010100110
1111000110010110100100001101110011111101110011010001011100000100
1110011011011111001011001101010011100110001000000011001000001000
0001111110001010011100001110101111011110101001011001000011010000
1001111100101001110011111100100011110110110010010100000100101111
1001011110010010101101110011000011000101110000111000011011100010
0101110111101110101111100011100000001101010000001011001010111101
1011111011111100000111001011010111101100100010100001010001100101
0100110000100110011000110001101000001011101101011001001001011000
0100100001000110111000101000110111100011001010001011001100010100
1101001100111100100101110011011010000001000001101110011011101011
1000001111011010100101011001000010101101100000011010110100010111
1000101011110110101101000110110001000011110001101100010100110010
1000101011000000111101100101011101001111011000011000100011111111
0110001000000000011111111011110001111110001011110111001010010011
1001000000000101100111110000010000010001011111010000010100010101
1101011100100111001110011110001101011100111001100001111011001101
1110010010000111011001001010100101011111011101010111100000100100
1110011000010000101111110011110000011101100001100111100011111111
1001011001100110001000100100101111010100001001011100101111011111
0000111111000110110011011100101111110101100110011011111110111000
1001001100111011100111010011011010100010000000001100101001001000
0101101010010010010000000110110011110100110011111010100101110001
1010111100101000010011100100110100101110000110010001000010100111
0100101000000100010110110011110110011001110010000001000011010011
0010111110100010100010100011100000100011111100100010101101011011
0011111100100100011010101100011001101110011101111001001001110101
0000010101111101011010010011111111101011000110000000101001100110
1000100001111000000000100000110111000111100101101011001000110010
1100001111011011010001110000111101110000010101101000011101010100
0100110000101101000100011111000011011010000111011000001000000010
1100111000101110000010010110011111000101010110110110110101100011
0010010001100101000010011000110101010001000100001101100011100001
0101001101010111010001010011011100111101011001010001101010011000
0101001011000011111000100101001001111010110100110101111111111000
1010110001010001000111110001111010000000000110101101110001100010
1101101010011110111011101100100010011100100010001101100110010001
0010000011101101100111111000010100010100101100100000100100000110
0010110000111110010100010000000110110111001011111011000101000101
0001100110001010010111111001000011001100011111000110010111000000
1011000010100101100111001000111101111101111100010101011011001111
1000110001011001010000001000100100100111001110000000110000111111
1001000010111000001000011001111110011110101100000011100000000110
0010110000110000110100011110111011011011100111110111011101101110
1011000011011101001011110001001000110001111011011110110001110110
1111010101101011101110010111001100101100011100100111000100010010
0101011001011011111101100101000101011011110000111000010001100100
0001000011101011110111100101010001010010011111100110100001111110
0011101000110010100011101101101000001111010111010101110111001001
1010001011110101000100000001111110100101000111111001111110111000
0100100001111110111000100010110000010001110010110001110100010101
1001001101100001001011100100111101100100100110010010101010100011
0010000100111010110010111110110101001010101011011100111000000011
1100010111011101110110000111101011010011111100001010001010010111
0011100001001111111110100011000000010010000000111010011111111011
1011011000010100001100001010111011110000110100111101111100100011
1011001111010110000101001110010100100001100111010111011100100011
1000010100010010011011100011000101001001001111001010000101101010
1000100101100110111111010110100101101101011001100011001111010111
1100011010111010110011000110111010111110000010101101100000110001
0111111110001011111100001100000100111010110100000001110111010111
0100000000011000110110100100010110110011101110000111110111001101
0011100000100001000110001010101001000011011100101011100111001010
1001011100100010111111010010101000001010111110111100110100110111
0010110001111010101101111000010110011010100011110110101000101001
1100000001110010000010001011010100101010101111100101000100101111
0010010111101100101010110100011111010001001001011010101010100011
1010000110011011011100101100001011110011010101110101011100111110
0010111111110011011011110001010011010100000111110111011100001101
0111111101011101110011011001001010100111101001011110010011000011
0100100111001111010000111100110110111101100101111001100110011010
1110011100101110110010000000010001000100010001101100100000110111
0001111000111100111100110000010000110110001110011100101111010100
0100111101001110110111001110100011001001011000101011000100101100
1010110100101110100100101011110100100110001010101110110100010101
1111111000111100101001010110010010010111101000011010100011011001
1000101001111011101110110001010110001101111000101110001011011100
1111001101110011010101101001100111001010000111101000011110001001
0011101001110011010101010111001111001100110011100011101101111110
1011011101101010110101011111111101010010100000111011110000100000
1110011100001100011001001111100000101111100000010100011111111110
0111110010100001000111110111100110100100011001110011010011111100
1010000011101011010010101011011110011000110010010001000100100110
0101010110011111111101001010010110001101010100111101111110100110
0101100001111001100100101110110111101001100110110101010000000010
1011101101000101111110110010111111110000001000000010111000000110
1000000101111101001000000111000111010011111011011111101110000111
1001110111001100000111001110101011100000111001111111010001011101
0000000011011101100010011001010000111010001000000001100011001010
1110100011001010101011101101100011110100101001000101110000010100
0110101000010000111111011011111000100110011111110001110001011010
0110000100001100001101010101101011011100010010000101101100110010
0100101111110100001011011101010101010111011011011010010001010101