0100000100101010010000001100010110110100010001000010100111100101
0101001101010111010100001011100010001110100110001010101010001010
0010010100100000111100011011011001000000110110010101001011111100
0011001000010100010010101101100110110011101011110100010001010101
1110010001000110101011010001011111011111100000100100101011110111
0011000011001100000011111011010011100100110000111110110101101000
0111011100011011100010110100100101000011011010110101010110110000
0111011000100000011111100000101101100000010100010111110010110110
0010100011100100010100111010110001111101001000010101010110001000
0010000010000110010100101010100010001111101110000110111110100100
1010001000101101100000100111110001000011000010111001100101111001
1111110010111001111101110011110110100010000100110100000100000010
0001010110001000100011000111110101011110011110000011110010111011
1101100001101111101001000011010010001000001100010010010000001010
0001100010110001011111010010010000101000000011000011111101011001
0000011011000100000001001000011100001100110000010010100111001101
0101101100000010100110001100010100010010000011111011001011101000
1011111110001101010000000010011110111110110100101100000001001011
1000100010100111000011100001011100001001110000110100101001011111
0000110100001000001000101000000010100110101111001100011011101101
0100000100110011010001011110110110011010011111101001001010110001
0110110101101011111101100101010000111110010110100111001010011010
1101101110000001000111100100001000110100111000011010110101111101
1111101110000010100001011011001011100100101000010000011101110011
0100010010101000110001100010001001000100100100100000100100010110
0000111111110101001000110011110000000000011100000101100111000011
0011011101010011111101010100010000011111110101101110111101111011
1001011011101110100111000001111111100011111101100111010001011010
0010110010100110101100100100000111100001111010001001100000000010
1010110100110001011010111001101010110101011000001010100000001111
1111110010001100001001101110000011000010000100100101010101110001
1011001101000010001101001011010111000111100110110000001100100110
1001011010111101100100111000011100000100011100111000010011110100
0110101111010110001000100011110010000001011001100100100010110011
1110011111101100100101101001110110101100110110101011110110111111
0110000000110101001100010110011010100000000110001000011010000001
0000111000000011010100110000101000001001000100010101110101010101
0110100001011011101010001101110001100100000100001001110100111010
0000000001001100010101111011000001010111100000001111011001101000
0010010101010111101010110000100010101000100111100111101111000101
1101000000100000101011111110001001101001101110010111101000001011
1010000110001010110110010110100110111111010010100010001011010010
0111000110111111100100000001111111010010011010011111001000010100
1100000100011101000100110011110111011001011101000110001000000011
1101000100000100000010111000000111001011000001010010001110000100
1110100001000101111001010010110111000101110011011010001010110010
0101111101101111000111010000111100001010111101111001101001011001
0111100101110000111010011011100110001010110000010011111000100001
1010011101100010101010000011000010001000001000011001001110011101
0100001011101011110000010001001011101111000000000000011010000010
1000000000000101000110100011100101011111000001110101101100010000
0110110001100100001101101111011001111111111001111100010110100000
1101100000000110100101101110101100011100100101001111010100100001
1000100100000100000000111101010100101011011110011110000000001000
1011111101001000010010011011110000001111010000000000001000011001
1101010011010101011010110010110110110101010110100000110001001100
0101010000000000011001100010011111111011000110010001000001111010
0111000000110110110000010000001000011000110101110100011000010001
0101010100010011011000100001010111110110010110000101001100011010
1010011011001011111101000011111010110111010101011100010000000000
1001111110011101010111111101110011110111010011001010101000110011
1100010100000101101010100100010000111101011001001000010000101111
1110110000100110101010010010011110101000011111001111000111001101
0100101010100001111011111011010111000100011100110000000000101001
1101001011110010011101111101111010000011011010110110010111101001
0011110010001000100011110111000110100001110111110111011010010000
1100110101101011110110101100001011100111001000111001110101111011
0010000010110010100001010000110000101110000110110001100000111101
0011111111100011100111111000110000010011101100100100001110000110
1110001011111011100110111001110011110000110110010100011000011111
0100011000001011110111000100011100000100110011100110110111110000
1000100011010001110000010010000010000001111010110100100101011001
1111100100101100010010110001100110010110010001000001110011110000
0010011101010101111111000010000111001111100100010000110011001011
0111110111111111110010110111010100011011100001001001111001001010
0110000100111111010110010010101111001100010001111101011011111010
0001000011010111110100111100001001011001011100110010011110001100
0000100100001100111011011100001111011011110101111010010000101001
1011000001010110111001000000000010011110001000000111110100111101
1010000000110001110001000011000010111100011011011010011011111101
1001110001000000001000110000110000011010010100010111100110010100
1100011000111011100100010011000010001001100011111101010010101111
0011001110010001110101101001001100111100110010001011010010100011
1011100101010101000101110110100001100010000101011010000110110101
1000000111110100011111010101110100011000100010000000111011110111
0101100100111100100111000000010001110111001100010100111011111011
0000111001100000100010011010001111001011111010111101000100011100
0111110101010000001110001110011010000100100100010100000000110110
0010001010001101000110110100010000011000010110001110011010011110
1010110110101011001010111011000101111100011100000101001011000010
0011100101111111111000000010010101100101101000000001000010101101
0111010010011000111101111000110000011010101010100010100000011101
1111101101100011100001110110001001111100100100100011000011001101
0100000111101001001100111101001100000101000100000111011000001000
1011110010111100110101100101011000010110101000010100000110011110
1100001110110110000001100100100100010110101001011011111111110100
0100001010000110100010000100100110100100100000000010101000000110
0001100000111000011010010111001010110001100001100001110011000111
1001110111001110101101110101000101011010100001010101001001101010
0001000111001111101100000111100011100011100110100110101111110000
