1111000001010111010001110110111000101100000101110110010100110010
1110101010110111000111001011101010001010100111101001100100110000
1011000000010000000100001110100101101101010100001000100101101011
1000001001101101000000000000101100011100111011010010010100000101
0100010111100100010100011111101100000110001000001000100101010110
0001001010011001101011011101010000001110000011101001010110011100
1100101011011100010111000101011011111010010001100110000010110101
0111110011010111011001001111110010000110000011110010101000110100
0001010001100010101010011010111001110011100000110100101000111010
1101111010010101010110110111100000010100001110000000000100000011
0001010001010010001100001111001000110101001000100011010111101010
1000000010111111100101000011010011100000100000001100011011101111
1101110001100010000100100010010110100101011110111000010101010001
1100110000111110011011000011001000001101000000000101010110011111
1011000100100110110111010011000111001010011111001110001100010101
0100111100001000000101101110110001101000011100100101100001110110
1101111110000100100101111100101100100100010001100011111100010101
0101101110101001101111101100011110000010001010000100001011001100
1000110100011001001011110111001100101001000010110011000000001101
1101111000110101100101000101000110110010110000011110000100000001
0010000101000110001100101000011101011100100100011110001101100011
1001001001011100110110101111110001101100100111100000011000010000
1011011000001101110101010010111100100000000000111011001100100011
1101110011100100000011100110111110011001011101011001001000010101
0010001100111101110000111101001110010110110000101100001100101100
0111001011110100011000110011001100010110010011100111100001000110
0001111110101001011101011101101011111100101100111100001110101100
0111010100111111100100101101101011001110110000001001101011110000
0010100011010110111000001010010001011010011111110010100101011101
0011001011001110110101101000101011010000001101010100001010000100
1110010000111001100101101011000010010010010000010100101110000010
0010100101001010101010010011111110100110100011011101111010010010
0101101011011101000100100110001010011100011101001111111000011010
0011110111100000011101101101100000000001111111110011110111001100
1010001101011000010011101011110011001010100110001110000101000100
0001011100010011000000011001111100110111000100010000011101111001
0000111110010100000101001100010000010010110000100000101010000010
1110100001101001011101111100011000100011011001111101100100011011
0010001000010100110011000101111001101110001100111000100001001111
0010011111000011000111011001001100101000101111101000000111011100
1001010001000110010010000100101110011101100101110010100010001110
1000000011011110000111001111100000110111010111000111000010111000
1111111001010010110010101110000110001110010100101001111101110011
0011101011011011100010111010100000011100011011001100001001101100
1000011110011100001101000110111001101110100011010001110100000110
0101101000001001100000000111011000111100010101000000101110010100
1110011100011010010011011001100100010001000101111011010100111111
1110011011001100000101000101001101000101101010010111001101011100
0101001000111010000001100110111101000000111000100110001010101100
1011000010011010010101110111111000011000110101000100010100000111
1110100011001000100100100100001001010100111001101100000111001010
0111011100100000101100011100111000010000000001101111010010101000
0110101101000001000100100010111001110010100101011101010000110100
1111110100011101000100000011111001110110000101111000001100010000
0010100101010100011000111111011101010100010011001101001001110110
1100010010101100100010000101011010000010111101101110110101110110
0000011101000101011001100100001011000000100101100011111010111010
1001110001110111010111111001011010100010000001110000111010010111
1111101001110001000010011000001101100011000000100010010110111100
1100010101010010111110001110100110001000101101010100001101000111
1000011111101011010010011001110110001011001110101111010001101011
1000110010010101000100100001101110000101001110000011100100011000
1011101010111110100011001110000010111110011100001100100110100001
0100000010010101010000000010000000111111011001101000011101101010
1000100001011010011001100101000100000100111001101001010101001101
1000110000000110111110000000110101010101111001010101101101010011
1101001001001011111000001100001101111100111111001111001110010111
1101111110110011011110101010111001100111101001000011100010100010
0010000001001110101111111000111001100011101100001000010001000000
1010110000010100100101100010111011110001100101111100100000001000
1010100000111100001010000100100100000100101001100011000100000110
1111001001011111101101110001000011100100000110011101101111000110
0001000111111110010001101111110101101000110010001011000110000110
0110110001101011001101001111100000001111110111101000110000000110
0001100101101001001111010000110010000010011001111100001011011011
1011001011100010010001000000001000101101000001011001111111100111
0110010110100011010000000010000110001001001100010010000100010010
0000011011100111000000110101101110001010000100111111110001101010
0100010010000010101101111110101110000001001100110100001000110000
1101000110100101000111111101110110000001011111110100100001000001
0011110110000000101101110000101000001111000000010000001100111110
0011101011001110101010101111000010010011011001110110111010110110
1001000110110010101001110101110111101001010101111111000111101111
0000100001101000001001010011001000101011010001111111100101011010
0001010100001001000001000011101100001000110000011000001100001011
1110110000100100100110111011100110000010001010011001100101111000
0011100010110111101000110000100101010100110111011101100111100111
0001110000011011000010001111100100100101100010100010111110110101
1100110000011011011101011100010101101110110110110010001000101100
0110000010001101010010111001001011101010000001010010100101111001
0001001000111000001000001011001010110000011001101110100001010000
0000101110000011000001101011011000001101011100000000010100101001
0100111110011011010101101100001000001110000101000110110011101101
0110101000111100011010000101000001111010100010100111011100101110
0100101000011011011100011110101001111010010101101000010100111011
1010101101111101101001011110000000110001111001000011011101110000
0110110101010101001110001111010000110111101011110001111101010001
1101100101110001011010001111100010001111000110110001100101100100
0010111010111001001010001011110000101100001001001110110001000100
0010110010111100001000100011100101100100000010100001101001000000
0100110100111101111001001011100111110011011101000110101111111100
1010000000110001000000010111001100100100111001101100110001011100
0101001010001011000000101001101001100000101001000010111100011001
1110101110001111001001100100000111010010101001111101010100001111
1011111001010011101000000001011010101011110010010111001000010100
1001001100110110111011001000110101100110000111110101110010101101
0010000101011101100001100110000001110101100110110010111001000010
0101000001110011000000111100111110100110110100011101111001100101
1111000010110100010111110111100100101011100010110011000101111101
0110000110101011110110001000111100010011110110110101010110010000
0011001011001011100110110111011001101010001110000101000011100000
0001000010111011100000100011100000000001000101001001010101110010
1000111111000010011000100111110010011100100001100110110111000101
0001101101011001100010110001110110111000010010000110101110011000
1001011100100100011111000000110101000101111100100001010010100110
0110111001111111100101010011000010011001001100001010010001001000
1100100000111001011110010010010001110100010111101001111011010011
0111101100001101000100100110011001110100110110100010001001100001
0111100101011111110000000001001011001111001000101110000101000100
0010101101000110011110000000010000110000110110011101011001001110
0011000100111111000001011100101100111110001001011011101001011100
1001000011100111011101100100010101001010110101111100001010000011
1001100101000101000001001000011100111100111100001101110001111010
1100101111011011010011011010011001000010000011101000011100110000
0100100100010111111100010101010110110110000011001100010001111011
0001001000100000010100101010110011011010101100010100000010101111
1010111100111111101110010011100010101010001001111001000010010011
0111011001101011100110001000101011100011110101010111110101101101
1101100110100001000000011111100011001001110101000010011011110001
1100111001101100001100000001101010001001101000100010001010011001
0001011101001010111010000100011100101111110001000010110001100110
1001110010000011011110111000100001011010100010001010100101110010
0001011011010101100010001000001110100100010101111010000010111100
0000110101100100101010101001111101000101001111010001011110000111
1110110001111010111010010111100000001001001100011110010010101000
1001001010010000010001101011110010010110011110111000001001010100
0010111111111110001111000110111000100100010100101110011000010001
1101110000111110110100010101010111001100001101001100101111000010
1111110111110010010111100010101001100010101001010111000110110111
1101011110100101011001000001000111110010000001001001000010010100
1011101001010100110101010111111110000011001000100110110011100111
0010010101010111110100100000011101001101100010101110010000011001
0011011001010110000010010001110000100010001001101110011011001010
0001011111110001000011101111110101101011011000111010100100010101
0000001001100111111100000000100011110001101001101000000000111000
1010010001110111000100010100100101000100011101011010001101101101
1101010011000011000101111011011100101101000001010010101001001010
0010000101100000000011110011010011011110110111100000111011101101
0110010010111000011001011111010011011010110111000110000111000101
0111101011011001010000010100000000000000110010011101001001100101
1100100001100010001001101000001010100110000110010001100100110110
1011110010011111011011111001000111100101011101000111001110011000
1001110100100100000010110101100101110000111100111010111010111010
0100111000010010010100110001101000011110001110000111101111001111
0000011100101001111100011101011011110000101001101100101100110111
1001110000111000011011110001010011001111111011001000100010011101
1000001111000110101011001010101110000110011001000100100011110000
0001110100011110000111010010111100010110110011111101101101010000
0010011000111011101001000001111100011010110100101110101011100111
1010111110011101100100110010010010111110101101110110101101010001
0010000001111011110111011100000100010000010000001110101101101010
0011111110010001011001000100110001111001011001001101111111010100
0100010111101011001101101001111000101011101000110100101111011101
0101100001010111010011101111100010110000001100111010011001110111
0010100111011010110101011111011000110111100001011011010101111000
1000111100000111101001110100011000011000000100010000001001000100
1010000111000010011010001101000100011100001111000011001010011111
0000000011010001001000001000001110011010010100001011110100011001
1010101100100101010010110100111111000011111101011011101110011011
0100001110010000100111001110110110010001001111011110101100011010
1000100000010100111000000110011000010110011100110001001011100000
0000100110001100111011011000100101100100000001000101010001001111
1001000010100010000001001100001000100101000101110111001010011100
0100111000010011101110110001110010110010010111110111100101001010
1111111100110010100110001100111010010111000110001001001000001101
1111100100001011110011110011100000000101011000001100010010010101
0011011001001111000110001111101001000101001000101010110001100110
1100000011011001100111111110110000000000101101111110100010000010
1011010001010010110100101010111011111011101101001010001100010100
1100011100100011111111011001110010001000110111111011001100001100
1110101110110101100110011011111000101011011000111101000100110110
1010111100100100110101101001000010000100011001010000001000100110
0101111000000000101101000101100001000011001011000110100101000001
0000000100010101000110011111011111101111100100111011010011001101
1110100111101111000110000000100100000101001101111000101111000111
0110000010101010010000010010110000010110101001100011101100000000
1100010001000101001000101000111011100001101001010010000000101101
0001011101100000101010111011100011010100000110011001111011001001
0011010000101000011000010001100110010011101110101100011100000001
0011010110001001100001110011011010101000000011011101011010011010
1000011111111110110100100111001100010010110010101110001011101001
0010100101101001000010100101000000111010110010010100000110101010
0011110001011010100000010110110000100101011011011001111101111011
1100100000010001011000000000100111010101110011101100110010001010
1111110000101010011101010110010100111011000001000101111010100000
1101011011100010111011010000111100100000101000110110000111011101
0100111111001010000101111000100011000100011100000001100111011101
0001100111000100100011100000010111001011111010000001100011101111
1000010001110111110001001010000111110010001101101110010000110110
0111000010101111011001110100000001110000111001100111101000000001
0111011110100100101100001100011110110010111001010100110011010000
0001001011100000100100011011001010011000010000000011000001101101
1100110111111100111001110011101001110011011101000011110011010101
1101001110100010001000111000000111011010010110111000110010111100
0110010011111000000111011110011000100111010001010100110000101000
1101000101101110101000110100001110010110001010011010011100100111
0010101001101001111101000110000001110000001111010111001100110100
0000011000011010100010000001000011010011011111011111100001001001
0000011000010000001000010111000010010001000110111110101011101011
0100101001100011100100010100100001010110011111011100101100100101
1100101111000011010100000010110100101101100011101000101110010111
0111000000111011001010100010100110010001110000101010111011000010
1010110000100111111001010011100000011111001010001101010011001100
1101110010000100100110110100000010000110110010100001010111100110
1110001110000001110111101011011001111110110000000110100011100101
0111110111001110011111001011110101100000000101011101111000100110
1010111011111110110101011001010010001010101110110100101000101010
0110000110001011100000101100000011101011100000001111100010111001
1010101101000110110110010110001000000001111100110010011001001010
0111000111100101110010100101110111101110000101111000000011000010
1110000001100101001011000111110100010001101101011001011110101001
0101010100100101000100110001010001011110110011111001001010110001
1000010100000010100111000011100100111001110101100100101001000000
1000110100100101110011000000010000111101001101011100101110011100
1001101000110010100001101110110110101101110000100001110111001100
0101111100011100101001110010000010110110100011111101100001111001
1011001010010101000000110001110011101111001011001011101101110101
1000000111010000101110101001011010101001110000100001011000001001
1010101101110101111000101101010000111000010000110000001111001001
1010100000001000000010000100010011101001101001000100111101100101
1011101010111011001111110100010111011010111010011000111000001100
0001001001000000100000100011010010100100001111001101001111000001
1101101001110101001011000000000111001000111010010100111001011101
1101100001100001110100001111010110010101011000010011110111100010
0010000110101101010011010101011011101100101110001011110100110110
1100001101000011101001101011101000110000110111001101100011100011
1110100101101100000101110010100100110000100110101000001101011110
0001111101100101100011101001100110110011011000011101100101111011
1000010110100110111000011101011010111001011000001011100011000100
1000110010010011011001100010000011000100010010010010110011101000
0001001011110001001011110101111100100000101000010000000001100001
0011101011100101000101010100011011100110000001010100011100000110
1011010011101111011010010110001011000101101101001011111100001010
1110000001000100000101001101011000011011110101110111011001010100
0100101000100010001101011011001000100010101111110000010000111010
1100000100011100101100101000010000001111111000011010011111101100
1010000100101010110111101110100000001010100110101111001011111000
1100111000100111100011110111000100101101000110101001110000110101
0110000000110100000100010111110001010000101111100101100001011000
1101011011101010111101010111001101110000011001110100111001100011
1011110100000011100110101111011010111000010000010010011111010000
0100110100100101010111010001100101010101001011110000001000001101
0111100001101111010111110101000101100111100000101100000111001000
0111011000000110001110110100101110101101110000111101001110100010
0001110111001110110111000110011111100000100101001001111101100001
1001111100111011011110011011110000011110000110110001000000110110
1011000011100100001111100001000000110000101011100101101000000110
1000100110010011110111000100110010100000100000101110100011101010
1010010110110001001010110010000010011100010000011101001110110011
0110111111101010100000000010000011001100100111011101011100110111
1011010001111000010011100101110011011110110011110100010001101110
1110101110010011011001001100001100011010011111100010010101111111
0010001001011011011100010111101100000000011100110100111000100000
0111100100111001001010100110011101100000101100001011001000000010
0001101000111000110001000011011011101010100010000010101010010011
0011010100101111110110011001001100110011011011101000011100100011
0011100000000111101000010000101001010000110110000010010011101110
0111110000011010011110111110111000010000110001110010100000001010
0001110111010100011000011101111000100011000110010011101111000101
0010000100110010001100110110111010111001100010001100010001001010
0101010100001000010111001101011010000010011001101111000110100000
0001010011100110000001111010110011110000101100001111010000011100
1101001110111101001101111010010000100101011100000000101101101011
0101010010111111010100010001011011000110111110010010011010011101
1011011100110100101100111000000001000000011011110110101111000000
0110111010000010101110001010011111001000100010011000000011001010
0011111101000000000011001101001000110100111110000001101011110000
0000010111100011101101110000000010110001000010000100010011100000
0000000011110010110010101001000110000011111011000101011011000111
1110101101110010001111101100101001010011110110000011111001010110
1001100110001010010101100010001001011001010001001100010101111000
0111101110000001001100000101000011000011111110111000100001100111
0100100101001101011110001001001100110111011111000001001110010100
0111100010011010001100111000111010100101101010000110000100010111
1011111101001001100000101000111001011000001111001111111101110010
0100111110101000010111110111100000010101100001101010000011111100
0000110101100001011001110101001110001001110001000011011000110001
1010011100101000110011011111011011011101111110110101101100101111
1110010110101101010000110001000111110111111101110010101011111101
0110101100111101001101110011111101010001010111000000011000100101
0010100001010110110001101100110111001010111110101111011110011001
1111111100011110000100000101010101100001001010010000100100111001
0011110001100000001001100001100101111111010101000000011101100011
1110011100110011011001001001111000101110000100010000001001101110
0100111100111011100100000000001110000100011000101010001100101000
0110000100001110010000110011101011001000111101001111101111100010
1010010100001111001111010110110011000111101110010010000101010110
0110000111001010001001110100110000101101100010101100101100101000
1001100101110111100110110111100001000111000110010101100101001010
1100010110010100011100100100101101111100010001101110101001111010
1110010111000011110110010001101010001110110110110110000111000010
0100110011011100100101100011111000000110101100010100101100101111
1011001001100100001000110011101110100000011000001010010010001000
1110101100001100111000100011010011101111001100011110001011010000
0110000111011111100110111011000010000011111100100010101100110000
0001100011001100000111101100000111100000010100001111010111010010
0100011010101001110011111101001001000101001011111110000101110101
1001110110010100011011110010100011001001010010000010000000101000
0000111110001101000011100001111100011000010111100110111011101110
1100010000011100100010000011011000010101000101111011010001111111
0001000000110001000000111100101111100010001011011110100011100011
0010010110001010010001101011100001100110011111100011101110001100
0100110000100111000111001000001100110010000100010010110000010010
1011000000010010101101100010100011010001101001100100111010101101
1100110010000001010001100000000101110000010000101011110001111001
0100010001110110010101111000000010101100000011011110101111010001
1000000100100011101110010000001110110001000100110011011001100110
1100000111100010010100001011101111000011000001001011010110100011
0010101110010101111001101001000100101011101100001000110001010000
1000010001000111000000011011000011001010000100111100101010001110
0001101001111101011110101100100011001000001011001100001011000100
1011011011100000000100011110011100011111011111100011011100010000
0000000000001000111110110000111101100111010000000001111100010010
1100110101000010101101001011101110001011110010000101110110110101
0001000010000100111000011010000111111000010110101000101010100011
0001110001111111001010100010100010110000101001000111111001111100
0000111010010011101110001101000000010111101011101100010111011110
0100101000010010000010010000110110110110010000011001101001111000
0110011011010000100001110000010001011100110001001101100001011100
1000110011000000001101111110000100110011001110100111011101100010
1001011001011110110100110100101011011000100100100011000010110000
1000110101100101000110011001000100110100011101011101001000111000
0010000001010001010011010011110000011111011100111000010100101010
1001000011001100011101001001001011101100101000000011111011000111
1000011001110001001110101111101010001001000110000011001000100111
1000110100110110100011000110000111100000000011011001100011011001
0111000001000001010001100010010101100111100010110010011100110100
1101110001010001111110111110001010101100010001100001000010010100
1111001011110100000111001111011001100001010111011001110101100100
1100110011110001011010001100100010100111010010101111001110000110
1100110011100110010110000000001110011010010110000100100000110001
1110000000010011100001101011110001000111101101000100110111101010
1010101000000010000001001010100100011111011100001111100001000001
1001011111110011011000001011000111000110110010010110100111111110
1001101010011110100010101001111101101101001001011000001101011001
0100110100100000011111100001000100010011110111100010000000100000
1100101101000000110011000100011111011100000100001000000001101010
1100011011010110111010010111000101001000000001011101010111110010
0110000000111101110000001111111010011010100010011010100010010011
0100011101010111010110110010101111100011100001000010110110011100
0000110011011010011110001010000011100101111101000110100010000011
1111000001010011010010100001110111010011001111010001000001000000
0010101011011010011101111010001101011100010010011000101011000011
0110101000011110010111100010100101110000011010111001011000110100
0100000011111011101110000111101101011001010001001101001011100010
1100000110111110000110110000111011111000111100110001100011100101
1001010011100101110000011101000100110001000101000010010100010110
0011010000100000110010001111111001101001110000100100101100001010
1001010110111001101001100010111000000101001000011111100101101101
0111101010100010000111010101011100101011000111011110010011100010
0100010011100110111010001001101111010001010001100010010101100010
1011100101111000011111011000101011100101010100111101100100010000
0010001111011011111001111100001100001001111011001010000101100001
0000011010111000010100110101010110111000110111011011010100000111
0001010111010111010000110011000001000010110011111110100111000100
1111100100110010110001110010101101010011011000000011011010010010
0100000110010100001111100101001010101000001101100101011001110101
1000100010101100110101110110110010010011000101101110100010110011
0100010100000001100101001101100101000100011001010011111000010111
0110011100001100101010100011011010001000010010110000000100111011
0010001101010111100111010000111011011101100001100100011011111111
0111111011010110100110101111110011111101110001010000111101101101
1111101011001011001011110010001111000110101011111000010100010010
1011000001000110101000000000011101110010000100101111101100011100
1110100001110100100000010111101001110000000110111010011111101001
0100100110110011001001111101011101111111111101000000101101001110
1000011010011011010111010001010111111100111110001001101010011101
0010111110101001111000011011000000000101001010010000001110111010
1001001110010000100101000100011111001110000101010110101001000000
1011010000011001011011111001010011010100000011100101000000001110
1000010100111001001001000101100100000000000101100110110101111000
0110100101101100110110001000001000100010011100101001010111110100
0111011100110011111100100101100000000110111111110100011000011000
1010110011000011111000000010100001110111000010101110010010101010
1111100010010101011001110000001111010100100000101110000000111001
0101011000010000011101000010100000111111000100111011010011011011
0101001110000010100001110001110000110100101010110000101111100100
0100010110000100110001110110111101101110011000110111000000110101
0100100111100001000100111001001111000110110001001101001101000011
0110100110000000010001011000001110110110001111111010011100010011
0001110100100100100000000000011001011100010001101001111100111011
1110000000101001110110011010000111111100100010010001000010001010
1100001000000010110100110001001001100001011001111011001001101101
0101000001001111000110011111110011001010100101101011101000100110
1110000101111000000101001000110001010100011111111111100111011010
0111010000011011000110001110101000011101010011001000010010000110
1100010010100000100000010101111001011100100110010110011011110110
1111111010010000010001010101011010111110001000011100100111000010
1110100000110010100011011000110101101100100011001111000000000000
0001111001101010100010000001111010101000011100000000010100000100
0111010001001110000000000110111001111100100100010011001100011100
0001100101000000001001011110010000001011110111001100100011101110
1101010010100111011011000001101101010001010110001100010010000111
1111111101010110001110011000001111111110000111011000011110010000
0011101110101110100111010000101001110100100101010111001110001000
0100100100011011001100101101010101101000100000111000011001000001
1001111010001100000100110101011000110110011101011011011101111001
1101100110010110101010111101110110110001101000010001101110000000
0011100101011001000001001111001100011000001011011110011110111110
1001100111001101110000111111001010111011010000000100011011001100
1100101000010000011111111111010110111111001001110101001000111110
1011101001000000101100110011010011001001010011100001001000101000
0011110010000110000011010010100110010000100100011101111101111000
0101010000011000000111010110101110000000110000010111010111101110
1101100011000011101000001111111101011010000100110100100010000011
0100111000001011000010100011110011101001100001100111010110111001
1100011010101101000111101000100000101110111011010110110000101111
0011010011000100000110001010100000110011001000000100010100100100
0001111110100011101111100011010010111111101110000111001011000011
0001001111111000111110110000000110000111000000001000111000000010
0010000000011100000000011001101111000100001011001110101010101000
0111001101011010111011011001010001111111101011100110010101011100
0001111110000001000110110011100000111010000100010010100011000010
0101011010010001000000010010010000110101000011000101100000100001
0011010010100011000101101011010000011111010100001100000111110000
1100011001000111011001000000110000001100001010110111011011011111
1001000000100110001011110110110101000011110100110101011111001010
1111010100000001111100110110000001010000100011000111111110000011
1000111001100001010000011010010100110010000001011100011101101100
1010001100100111010110010001001011001010000100111011000101001011
0001110010000001100011101010100101101100011111101010110110000101
1011100011010010010110000010000000010010101000110011101000001000
1011101110110000111101000000100011000000011111001110010011101001
1000110010010110100001110011010001101010001111101101101111001010
1111110100001111110100101000100001001100111000100010111000100000
0011010011001111000000100010001111010000001001111111001100000011
1101101101010010010110011110010000011101000111000001001100011011
1111110100111010101111111000001010110000010101110011100110011101
0010000010000010001111000000100001000010110011000100101000101010
1011110101010111000000111010011100010101001110101010000011001011
0111001010010100011110100001110000111110001101101001010011100101
1011110101001101100000100000010000101011100000000100111111001100
0100101001001110101001011001000110010001110011100000001100000111
0101101110100000001101100111111001110010011001010010000011011110
1001011011010101100001011100000100110110001001101111110010100010
1111010110011111011111011110100011010010000100000000001011011000
1110011011011100101110010001010011111001010010000011101111101010
0100110001010110111110110100110101110001001110011011110101011101
1101111011011010110000001100011001100001010001100001010111010010
1111010101111110110010000101101001000011101011111010010101011001
0010000101101101110111010010100101001101100010000000111110100001
0000000110011111001110010000100011001101000100010011010000011001
1001100101100111110001111100000101100000001010100100111011001101
0110110111111001100011101000110100000001101111101111110010001001
0101110010110001010110001101110100000000001001110011001101101001
1000101000100100011000100011001000100001010000010111101100100111
1000010111011010011111100001001001111110100110101100100011110010
0111100110010010010101000000111010000101000001111100101111000110
0111010100001001100000100000111111111111000011111100000111100000
0001010110100001001101011011000000111000011001000001001010100111
1001110101111000001000011011000010001011001000100110011100100100
1001100001110010011110111111101010110001100101101010100100011011
1000110001010010001001111101110101100000011110010111100010000000
1100100110100110101010011000101111111100001011011101111001011101
0011100110010010111000000100010110101010010010101000010111000100
0110001000001000010000101001000100100111000101001011000101010111
1111110100101010001110011001001101000000010010110110111100100110
0111000001111110000110111100100111010111110110110001011100010010
1101100100100010110000010100100100010010100011111001000110101101
0110010111101011001011000101110111010000000110000010010000101011
0010100100000110010110000011110001000011001010101000110101110000
0010110110100100000010010010110001110010001000000010000100101001
1010001001111011111101000111110110001011001101100110001010000011
0101001110100111101010001001110010110110100000010011010110110000
0000010011000111100101100101001011000000011011110011010101101000
1010010100000010110000011110010000001001001100000100110011001101
1111001000000110110010101011001000100001010110001010000011100011
0000010110111000111000001010110011000110111101110101100111100010
1011001000001011110011001110111111100101111010111111011010101001
0011001000011110111110010100100101010010100100111110100111001101
1110101011010001111010001111110100100010100010111111010100111010
1001111111010100100000101111000010101001011101001011111101101101
0001100010000100010010000100101100011111011110001101101011000000
0011011000110011111011011010001101100110110011101110111111011111
1101011100101001001101001011001101110101010110111100101100101110
1011011001000110101010000001010001101000010111011010010100001111
0001011000111011001010110000010101111101111011001001010111001100
0001011001010010111101101010000101000101100101011101110100001000
0010010010100010011101000111011101001110001010011111100101000010
1101000100110100110000001001100110110100001100000100111111101110
0011000101111011101000111010111110110101001110011011100010100100
0110100000110001100111101111111100010010100010101000010011000010
0010011011010000000100110111001110000111010010010011001011111010
0001100010100110000011101111111010100101011100111100010100000010
0110100110011010000100100011000110110110100010001111111011001101
1010100111001011001101100100101110111101011100000110100110110010
0000011101011011011111000000010001100111101110011000010111011110
1000001001111100110001010101011100111000110100000001010110001010
1011001001010101100110011111100001100000000001101011001000110000
0110011110101000001010111101001100101011110011001000100110000001
