1001000000000111110011110011000110011011100011110000011100110001
0010011100001110111010011010101011110111101110000111110011100011
0111110011100111100110001001111110001101011110111101110110011111
0011011000000110010000001010111110000100101001000110001100100100
1010111110001111111110110110011111000001111011101110011000010001
0011010011001100110101010001101100011111100010100000011100110010
0110000001000101001100101000110010110000011011011011101011111111
0101100010101110100101001000010110001011000110110100010101111110
1100011000110110101100101101101011110001001111101100000111101000
0111011101001110011100010100010110100010100110000011100111010011
0101100100000001000001010110001110011100101101010111011011010010
1100010111100100010111000000010000100100011000101111000100100010
0110110001101000010000001100101101100110111010000100010101101011
1100101000000000010110110000000111111111101001000000110001011110
0100010110001111000100110100100011101001000001100011101110100001
1011111111101001000100111011011110110101110111001001010011000111
1111000000000000000110001101100001011101001000011010010101101010
1101010110111001010101110001010010011000001010101100101111001011
1000001000001111001011101110010001001010010000110001010010011100
0000110010110011111010000010010101111101011110110110101100001001
1100111000000000111000111111110111011001000000101011001011100110
1100101011011001100011011111110000010001000100001011011010111111
1110001100010101111100000000011100010110100100100010011001011000
0110000100100101001110011101101001101101010100001000110001000111
0101011011111001101011101010000001111101111000101110111000100111
0000010010100011000011100111000110110000011001001111010010001100
0010110111100100111100101011000110010000011100100101010000010111
0010100111001011110110100001110001000001100101000001001110101110
1001101101110000111011000101110010101000100100000101110110100101
0001000000011000000001000111001101101010001001010001110000101011
0011010100100001000110101100100111010101100000001000001010011110
1100111011110000110110111101101011110100100011001001100010000010
1100110100110000011110100001001011011010010000110000001110110001
1100100010001010100000100110101100011010010110110111000011001111
0001011110000011110000010001100000011100001101101000010000100101
1010101000100000001101101111100110101000010000001000101110100010
0110100011100101010001011100111011101011110011100011011000110001
1110111110011111100000101010001100101011101100000000010101000100
0001111010111011000000010010001101110000111011110110100111010011
0111100010000000100001100011111000011110001101101001011010101110
1111111000101010001100101000011001001111001011010011010010011101
1010000000001100000111001010010101010111100110000011010101111010
0010011000100100110100000010101110000001000100001100010001110001
1011010011011100001000001100111001011001101000011011010001010101
1000110100100101000000101001000011100111101100110001100110111111
1100101001001001100101011011100110000100011010010100010010100001
1111101110001001011100001000000111011001110000100000111000111110
1111111000101110000101000100110000011101100000100111000110000101
0001001011000000000110011000110001000100110001011011101110110000
1001001000111100110100111101010011011100111111001001001101101010
0101000101110010100010111000010110001010101011010001000000101101
0001100000100101101001000101001010011000001010100110101111111101
0011101000001110100000011100011101010000010101111000001011111100
1011110101010011001001111001000001000000110010000011010001100011
0110000001011010110110000100111110010101110101011000011000100000
1101001110010000000001001001010101000100011011010010011001001110
0100111100000000101111100000010010001000011001011000010011110000
1000111010111100010000101010100011001011101000100001000010000001
0001101000000010000101111010101001010001010001110001011001110100
0001010010100101100110111001011000000110101011100001010011001110
0010100000011010111001111101111100111110100010100101110001011010
1011100000010110111010011001001101011100001110110011011011010010
0010110100100111011001000101100010100111110100100011101010111101
1111010110000000111110110001110111101000101110100011100010011110
0101000001100101100010000101110110010001101100011010100011010110
0001111110001100111100100011011110010000001001011010101101010110
1111001111110000101000101000101011100001001000000010110001111000
1010011000110010100101100000101000000000100100100101111010111100
0110011110111100000010011000101011011110011111111111111111010010
0010110101110111100100001111000111100111011100011100010001010010
1000010101100110101001101111111101111001110111010000011011110101
0001110100011011000110101001001010011000100011111011010000111010
0011011111100001001100110010111010011100010100000100011111100100
0101000101101011111000001111011001101111111100000011010000100010
0110011110010010000111110100001110101000110001110000001110000001
0000100101010101110110000100101000001011011111101110101111010011
1000011011000100101001010011001100100011101001001010010001100100
0011110011110100000111111110011100110000000111011001010010001010
1010100111000000010110111101000010100011010001000010011010111001
1010011100001100010000111000001011111001111000110001111100000001
1001000011110100111000100110010011110100110011110011001000000110
1100011100111111000110000000000111010100110110001000110011101110
0011101001101010011110101010011000101010100000111010001111010000
0000001110111010110110101101010000100111110101010011100011110110
1011101010010100110000110101101011100011101110000101110111100111
1000100100001000110010100110000111011010101000000001011010011111
1111000001100101010110010110001101100000100011001110111100110101
1001101101100001000010110001110110010110011111111001010000000010
1101001101100010010100110100011101111011111011010010100000110011
1010001001100001101110001011101111010001100100010001000000011010
1000010101100101101110110000010011110010100100101011010100011010
0111001010100100011010110100010010101101111000100000010111101001
0111111000001110011101101000100100000111010011001001010110001110
0100011001010010001101001011101000111101001101001010001011111101
1101000110011101001100010101101011100100011000110010001000001011
1001011100000101100111110010001000100010100001000101011100111000
0001010001000101111001110100101011100110011000001101010110010011
0000110101001100110000011011010100110010100101000010111001111011
0101010111001101010100111111001100101101111101101011100101001001
0100101000010100100100110110010101010111000010011001100011011000
0111000001000011101101110011100100010000000010011100011000010010
0001011111111110000001101101000001011111001101011101011001111011
1010001001110101110111100010101010011000011000000101001110010010
1010101110010111001100111101001111011000100100000101001100001011
0101000100101000011101111011111001010101001111010001011001100100
1110010101111011011000010110101000000100011001010000100010100011
0110000100010001111111100100111010010111111011000001000001010101
1011001000010111111101100000010010110110100101011000110110001110
1100101000011001101011010010111011100001110011000100010101110110
1100010111001010001100001000110000111011100101100010001110011111
0111101101110001101000000101111110100110000010110010000111111100
1000000000111000011111000000101011000100000110100101100100111101
0100000010010011111001110100000110001000000000101000101010110111
1010100011001001010010100000010010010111011011101101000011000000
0101011101101110110010101101001010011110100011011010001011101010
1111100111111011100111000011110100100011000011000100110000101011
0010110001000001110100111101101000101011001010100010000101001011
0011110001001100000000011001000001100101011000000000111011001000
0000001000011000010001110101000011100110001101000000011000110000
0111000110110110011110100000101111110010001011011111010111001100
0110100000101001001010110010011000110110110011110000100110000000
1100101101000000100010110011001110001110110010110100001110001110
0001001110110100010010110110011110000010100000011010100011001010
1011000100100110101001010010100011100100101111000000101010001011
1001101011111101011111011100010001011111111111101011000100110111
0100011100010000000110010000100001001101010001011011111000001100
1100011010001010111001100100010100010100010010110101011111001010
1001010001001000000000000001000110000110101011100101100000110110
1000001110000101001010011100001000100011111000000010011101011000
0111100001011111011010100001011010010101011000010001010110110111
1101010001010010011010001000010101100000111001010110111001100001
1011001111010011010011100110100111101000111111001011001101000000
0010101111001010111110011101100010100011000000111101010110010100
1000100110101011000011010000010001001000001100110110100100110111
1001010011101100110001001100100011011100001000100100101001101011
1001000101110010001101011010110101100110010110011110001101001100
0111101110110000111110011010110100111001110101110100100010111011
0100010010010000100100010100001110101101000001010111000011010001
1100101110000001010101001010000010100000110001001010000011111100
0000001011100010100011000111010001011111000101110100100111001010
1000000110111001011101010101000000100011001100011011000100000010
0001110010010001100010001010001010111101010010011101110100001100
0000100000101011010000101001000100001110001101100000110001000001
0011101010011101111000001000011010110110100001000011011000110101
1101001110010001001100100111101010101100000010011010110101100001
1110100100110010011111010110000101110011010000010001111101110100
0101111100110001110101101111000001110101110000110011000100111010
1001110000001110110100001110011100000101100110001000110100000100
1101000001101110100011101010011010001111001001100000000000010100
1101100000000000010100000111110111101110010111101100010010011100
1000010101000101011000101001110001010000011100001111100010011111
1010001011111101110010001110111011000011110111010101110100111111
0100000100000111011010101011011001100110110010110010011101010011
1001111010000110001011111111001100110010101001111111111011000001
0000110000011001100101000100101111000110010110100001101100110010
1111100011011110001110011011011000101001100110110100000110110000
0010110000101110101111111101001000110011111100101001110001000111
0010110011100111111001001001011000100000110100011001101010111000
0000101011001110101111100000100111000101011011000010110100000001
1111101111011001010111110100101001011001000111110001000010000001
1111110001000001010011100000101001100100100110011010101101000100
1011001000000011111100001000100100000010000011001011111000010101
1001010011100010011000000001011000001000111110100011001010111100
1100000101100101001001111000000111110100010010111000101100001010
1001011110001100011011100011011101111101001100101101100001011001
0000100010100111000010101000010000110110011110110010101100000010
0100000000000010000100001100000000101010011101000011001001001100
1100100101111100100001100001100011010001011100001001110001000101
0110010000100111111110111001111001111010101111111101011001110101
0100010110000110000000001010011011001010110101001010101000111000
0000100100000100101111001000010110010010000100110100100100111110
1101100110100110011000110101110001110010000000100000111111001011
1001101001111001111001110001000000000101000001100101101000100110
1100101111110010000001100111011001000000110100001100011110011000
0111111001110000100101101010110011111101100000011001010101100111
0011010110000111010001011010100011100100000100101111101111110010
0000000100000010001110100110110010101001101101000000010000100110
0010111100000011100001001111010101000100011111000111111011000011
1011000110000011111011101011110001111110100110100100100011001000
0111110110110001101001101000011101101010110100101011000111100001
0000111001100001010111001111011101000101110001010111111001010101
0011011000010101000001111011111010110000110111000110110010101000
1010011111000110011111100110101011100000011011001100100110000100
0110010100000010110000011011110100110100111100111100001100011000
1010011000101010001011001010011111000110000011011011010111111100
0100000000101010000110111000101010010000001101011001001001000110
0001110010001000011101111000011000001010100001100111100011010001
0101010100001101111110011001100110110010010001101100000110010111
1110110010010111101010000111101100010001000101010101101010010011
0101000111010001000111001000110111011010010010100000110000101001
1101010110100111101111010110110001100001100100110010000001001100
1001110110111100000111001011111010000001100101100100101011011101
1110011010111100110011011000000111100010111001011001001010101101
1100011111000011110101000001000001000111010100001110000010100100
0111111100011001001110011110100001001000001011111001001001000000
0000010001110000010011001001011110011011011011001001101110000001
0000111100011101000001100100000101010101010110001101001001000110
1010110011010001101000000101010110100101000011011101010000110111
1110110000000011011101110110011010000100111101110111111111010111
0101000101100011000001011001111000110001000110100110100101101010
0110001010110011010011110000001000001101110010111010010001101100
1010011100000111110001000100000010110110001011100000011001011000
0001010000000101101100001010000011000000111011000110101111000000
1001010000000011011110110011101011000100001100011110000111110011
0100000011001001000100110100101001001000100010000110110001001100
1111001000010111111000011111000011011001100011000000001100101001
0101011010111100000010001011001101001001100101101000010001000101
0010001100100100001010111001101001011011011000011010110101010111
1011101110001011111010111110001010011000100101100111000000010010
1111100111110010000110001110000111010110001010110000111011010101
1000100000110010100000101000001110010111100000110110011100000101
0110101110100011000010100101000111010110001100010011110111000100
1100001011111000110101001001000001011011001001110111100001001000
1011101111101100001000001000010000000100000111110110001001000101
1101101100110111101001101011001111101110011010111111011111111101
0101011100001110110111110110001110001110000010100101100011011110
0010111001001001010010010001110100110101101101110010000111011110
1110010101101100001011101011101111110100110011111110101111001110
1001001100011001110010110110101001100111111111011101011011111101
1101110100000101100011010010101101000010100110111101010001011100
0100011111000010100111000000111101011011010011101000101001111110
1110000010100001100100001000100111010000100100000000101001101010
0101111111110000111010101000101111001101111000110100110101110100
1010110011000000011010111100111010010001100101110101010010001111
0111001101110111101001001000011111111100011011000001001100001000
1100100111001010110100110000001011111011111001101101010100010001
1010001110100010011010110100000001110110101100000000010010100010
0011110101100011010000101101111100010011110110011010010011010000
0011100101101010001110110010101100100101011111001011010100110110
0000010001100000111000001110000100000000000110010011100111010000
0000011001011101101101001000000101001100100000110000100001100000
0101001010111000001000110100111010101001011011001100111010100011
1111000111110000001001101011000100101011011110011101001011110100
0000000111010000101111010010010000111010000100011011001011110000
0100001000010010000000101110010001000000001001011110100111010001
1011010111000101000110110000111000101010110000001100110000110101
0010101110100100011110010101101100110001110100001110100110110101
0000100110001001011111111000100100000101011011011101011100011100
0100011101001100100000010100001100011001010011111000100010111000
0100011101100110010010100000110111110010010101100100100000001010
1001110110100011000101110101001001001000100001000000010000001001
0110011000100010100010001001011011110010100011010110101001011101
0001110011000100010100100010110000011101101100000101111010100010
0000101110101010011100000100010111100001000011000100000101010001
1000011101110110011101100110110010110111000111001000001000100110
0000010010000100100111010010111000011100101001010000101000100111
0000100110010110010100000100101001011000001100100010101011011111
0101100110111010000101000001010010000100101011101000101011011001
0110110101100100001001000000101011110111111001100100000001101001
0100100110101011001010000010101110101010101101111110010000000101
1001000100100110001000001010010011010101011010110010010101011000
1000100011111110011010100100100100111001011011011110110001000100
0000111101110010110011110001111001000110001000010011011100000110
1011100111010001000110101110011111000111100000111111111000010101
1100101101010111010100001011100001111001010100110001011001010011
1010010101100100000011000100000110010010010110111110010100111001
1110110111110001100000110010111000011000100011101010101110100101
0010010011110100111110111011111110001100001101001001010100110010
1100100100001001000010011000000001110100111010100001000110001101
1000100101011101110010111001101100010110000110000000001010011100
1000011100111010011010000100110000110001001110000101001100000101
0001001010100011100100000110100100010110100000001100000110100100
0001110010111011000101110010011111001000000000101111110000011110
1001110010000010001110000011100111100001101001101010101001110110
1011001101111100110000100111100100010011011101010100101110101111
0010001100011000100001001001011011101010101001001100001000100001
0010110010000001101010011110100101111111100000010110010110001100
0001010111010110010111000101011111011000111100000010000110100101
1110100011001100011110100010111100110101111101011111101011111111
1011110100010110010100110111111010011010100001011110010000011010
1101010100100011100011111001110011100001011110101011101100000011
1000101000000111001001000111001000011001000111000001011011101100
1100000010101010100001011110000101111111100101110010000101010100
0011000001001000011101001100110001100001010111000000010001110011
1111101001111000111101110000111011001000011001010101001000001001
1011100011100000110000000001001100110100100100000110100010001101
1000010111110010011001100000101000101001001100110101000100010011
1100101000111111000000101100001001110011110010011100101100001111
0010000000001000001101010000011001100101101101001010010101001110
1011000110100101101101011000101001011100100010010111110001110000
1110010001101000001111111100010110011101000001010111100100011111
1001110011101100001000101001000011100011101101010011000110000001
1100010000010000010101001111111001100001000100001100011011001011
0101101110101001110001000001010110100100100100110100000010110001
1111101000001111010001110011101110110011111101101001011011011111
0001011111001001001101000101110100001101111000110000011010000001
0110111111011100111000100111000011001000010110011010110011100000
0101000010100100000011101010011100111110001000100011011000110001
0001110010000001011100011110001000110001000100111110011010111100
1111011100010011010001100101011100110110000101100001000110100001
1011010000111000000001100101111010000101011000000110011011010101
1001001101100100100010011101010110000110011000110111010111101011
1000100110000111101001110111101110010110100110000110000010110101
1010011000110010011000111100101010111110000011111001110100010110
1100011010000111101010010101100000011101011101111000111100100010
1111001000101100010010011010010110000011000101000010001110101011
1100100011101001000111001011001110110110111100011000010100111001
0110000010011101001100001111010000110000001001011011001011111100
0011000000001010000111111000111000001010110010001001001101011101
0011001000100101001001011111100000010011010010011110101001100100
0100000110110110100001110001100001010101001101110000111100011100
1001101111100001110110011111111111010110101010010010001000001101
1001011100010000111001110010010111101100000111010111111110011011
1110100001101011011111110001010110000011010111111111000010011001
1101000100111010100110001001001101110010101010010001010011110100
0111000010000011001000111011101010001110100100110000011001000101
1100100011011010111110110000010100111110010111110000000100100101
0010011101011111111000000100010001100001000001010001110100111100
1110000111110101010000110100001011011100011000100100110001110001
0110101011001100010000000010110111100001001110010100110011111100
0111000001110011001000101101111110111001111011111000111101010000
0001010101010011001111110010110101010010011001110000001110010001
0000111000011010110000111110100101110110111100101111011101100100
0011110111010100001010010011000001010100111011100101011011101100
0001000100100001100011001001111111011010111000000000001110100000
0101100001011100000101010101111111000111011111010010010110110010
0010111001111001000000010011100001111101000010000011000000011001
0001111110001011000100100000101100111010000100010110001111011011
0010101000011000000111001100110101011010011011001101100011010011
1101110011010000011011000000011110010001010010010100000101110000
1010111101010001100000111001111110010010101010011010110000010100
0011100011110111101001010011110011000110111101111100011001110010
0001110000010101000110000110101011111000000011100001110001001111
1001101000101011000100001111111110110011110110011100110000101111
1101110000100001001000011100010010100010000110100001011001001101
0101001100001101101000100110000100011010001010100001110000110010
1111001011001011001111100000101100000001111010100001011101100111
1110010011010000001000110011001110101010101101110011110111001011
0100100001000000101110010000010010100110111101100000110101011001
0111011110001110000001000010000110110111100000100010010101100101
0000100111110110101000001001001001100011000101110000110010011001
1100010011101100111001001111111110111101110011111001100010100011
0010101111010010001111110110001001110011010000010011011001000110
1000111000111100011000101100100100110010000111111111110011101101
0010011000010001100011001001010011010010011000111001110011010101
1110110011100000000011100011010011001110011111001001010000010100
1000111111001000001001110011110111011001001101111101111111000000
0000110100101011111011110000101000000100010100010100000100001101
1000000011111011000010011011101110000000001011001011111100101111
0101110011000101001000000010000010100011000000100011001111010110
0100000000111010111110101111000010110110100000100001000000000100
0000100110011011101000101010000010010111000010100011001110101110
0101101110010010010111011011000100110001101000111011111000110101
0011010000011000101100101110010100000100011010101011101011111011
0101001110101010000011101100000000010111101111011011011011111011
0000010000001000010010100100011001000000011111000101110111100010
0011010111101001111010010100000011011111100101010000010100110001
1000111001110011011001100011100010111001011111110000111101111101
1001111001011011000111101010100111100010010110000110001011100000
1110110001101100101100110011000011111110000001101011000010111111
0010101010100110100000010001011000101111001010110001000111110101
0101000101110001101110110000011000101011111100100101110011010001
0100101110011010011010101010100011110110010100001001011100011001
1111011111010110010101000011011011011111111100100001111111110010
0010010011000101111011010000001001101010000000100101000010001001
1000101100011000010110001101001111100001100111001000010000000110
0111001001111100101010110111011010010101110100011001110010100101
0010011101111000100010110100001100100011000001011100101001101111
0000111101111001110010000011111100101010010011111011000011000010
1110000000101101000001010111000011101100100010100000101110011110
0111101000011010100110000100111011010101001011010101110110111000
0010110111101110111010001111010011110100111100000100001000001001
0111011110011000101001000101101100101001011001101000001011100110
1100000111000000010111011010011110101100000011110110101110100101
0010100000101110100100010010000010110110010101110000111010010101
1100101011101000000011011100100110111111111100110101001110000111
0100111000010000001111101000011000110101110000000101011001111001
1100000001100001100011010011111110100010001010100101001101000000
1111011110100110001100011101011110100010100101011000011100110111
1001100011101100110000010011001100110000111101111100001110000011
1011000110011101000011000011010110110000001011101001110001000011
1011101001101100111101000010011010100010010000101000010010000010
1000110101011011011111000010000001001110001101011111110001101000
0010010101011100010101011001111011101001111111101111011011100100
0111101110100111000101001111100101110100110111111011001110010110
1010101001100101001000011111011101001111110001001000011101110110
0101000111011001010101011110001110101110000101010110110010001111
1010100000100011111111000001001100101000011001101110001101100010
0010100100100000011000011010101010011000101111010101000010111001
0010111011101010100000100011010100010001100111001010011111100010
1011000001011110101010010110000001011110001101101001001100000011
0001100010001101110111011010111111010111000000000100101001100000
0000110101000100011101010001001011011110011010000000011100110100
1111100001100100010101110011001000111000000010010000001010101001
1000110000001101010110000010010010100111000101110101010101110010
0100011100110010010101101110111011110110100100101000111000101011
1110010001000111011000000110100000011110001010110110011010011000
1001111110011000011011011001111001101111101010011001001100001000
0110010101000011111001010101001111100101011110000010011111101101
1100010001000111000110001100111111100110001000101111001000110010
1110111110000010011111000001010111110000010100100001100111010101
1111000011101000000011001011100011110011101101101110101010010010
0011011000100000101110000111000100011011001000000110000110011101
0011010001000010100111010100100011000010000010001011011010000001
1000010000000011000011100011010110100011001110001011101011111000
0100110001110000001110100011110110001101101000110001111101110101
1100011100101000111000100010010100010110000100010001111000010111
1010100000110010010111011010000100100010000110010000100001110011
0001001010000101000010111110000001101011100110101011100001011000
1111100000001101100101101011101010010110001110110001111101110100
0010001000101111011010011101010010000001110100011000100100010111
0010001010111011111011001001011001010101011011010111101111001000
1101000001111010100111101101101111100010110101001111010101011001
0000100011111001000100000010111100010010001110010000110010011001
1100001000001011110101110101110101100000101011101110110100000100
1111000001100111100011001110000100101010100011100111111110100000
1010011001100000010100011011000010010000011000011101001110010000
1011111110101010111001110100001011010001000110100010111000000001
1001101011110110101111000101000010010111000111010010011100111000
0001010001100100110100001000001000110011010100101011001011010100
0111011001001010000011010111001001101100010100011000000011010110
0001101100101110011111100011100000100000001000111101110100010000
0010110111010101111011011001010110011111100011100110101111001101
0001100000110001001100100110100011010000110010101011001111010101
1000001101000100000010101110110011011000111100001101101111011100
1101001111010100101100110111110101000011000010100100000001100011
0100001001001000111010100011000000111010011011000101100110011100
1010110110111000110111000101000001111010001110101100011000000100
0111000010010000000100001001111110111011101010101101011101000000
1101001001000000100010100111001110110001000000101110000100001110
0010100001001011011100101101001010010110100000110011011011000111
0110101101010001000111110010010111000000010011011010111010101011
0010011010100000001010101001011100000011010011101010011110001110
0111110111000101000101000010010000100100010010101001101100011001
0010011100011011010000010011100010000001110100000110100001101111
1110100010010011011111101010100110011111001000110111111011011001
1101111000001101111000111001011100011111110000101101111011111100
0110010110011010011000010101101000011100000110101100001100000001
0101101001100010100000011000000010110100110101010100000100111001
1111011100111000011111101010011001111001101001001111110001110000
0001100010001101110001011000001111101100110000100110001110001011
1100111001000010001010111100111000100000000011011001011100011001
0101001101000111100010100000110010011111010010000110010101001101
0110111001100011100101110100100011101010001110100000000010000000
0010101000101111111011000010001010000010001101100000100101111011
1010101100101101010101000001010011010101000000000110111011011111
0000100000010100101110000110110101001001010100110100110010101010
1110010010011111100000111010111111001000100000011111100011111001
1110111100100101010011001111001111100001100110110000000100110101
1000011110110001001100100111100110010011010010000010111110101101
1111000100110000001000100010000010010011101010011101000010111100
0101010110100110101110001001101101101000001110000101011101100001
0100001101001000110101010001110011111001111010000110000011000100
1110110101000111100001010010111000101100100000110010010010010001
1000011101001000110101100101010101100000101111100111000000000000
0101001111100101100010100101110100111100100110100011000011110000
1111101001011111100011111111010111100000011101110110011001111111
1110001101010100000011000110000111100111100101001000110011010000
0101001010001100110110010011001010101011000000110000101010010000
1110000001000110011101000010000110110110110110100100110000101001
0101000111000001111101010010101010010100010010100101111001100110
0000000001000000011011001000000000100001100110111111011000000101
1100110001010001011110101000010001000110111111000001110010111101
0001100100000000101011001000100110011011010111010001110110100000
1100000110101111110110010000001001101110001011010001111010001101
1100011101110011001011110010000101110001001010010101100110110110
0101101000010101101010010100111000000111100100100011011110001111
0000010011101000001000110011100010100010010011001110001001110011
0101000101100010101000110010010011001001101010010011111100100110
1011101100110011010010101001110111001000000101100101001110111000
1010000000000101011001010011011110001111101011111001010011010111
1001101000001101010101101001111001001100110001110010100010001101
0001100111001001111111100100000110011110011010101011100111001100
0000010100011101000000001101111010101011010010101011011101011000
0001100000110000011111100100000001110110011111100010101101010100
1101101110100011001000001101010010110111110110010101100000101001
1110000001000111011101000100010110110011000000010110001011110100
0100011011010000110111011000001000101000010010111001111001011010
1110001100111000000011101010110000010111101011000100101010101001
1011110011000110100001000011001100011100000001010110011110111111
1000001100000100010000011110110011001000100001110011111100100100
1011001110110101001011001100010100000111010101101001110100001000
1111101010110001001010011011100001010101001001111000101001000011
0100000110001100000110101001111010010100101000100100000101100001
0110110011110010001010010110101001011011010110100011100010000000
0001111000001011001010101001100011010000100101100111100011000011
1110110011011111010001101000100100100111011011000100101101010100
0001110100001011000010001100110101100111110011100001000001001000
1011001101000101100110010111100000000111110001111101101100001001
0010000110010101110100011010110001111011101100110000010001000100
0111101010011010101110001101011100100100111001100010101001101000
1001000011100011110011100110110100000100010110001101010011100001
1100111111110101011100101010101001100010001101101111011100000111
1010101110010011011010000010000111011000101111011001001010001000
0000110001000010011111001010100100101000001111100101111011000110
0110100111111101111001001111110001001000001000101101000000010100
1011101000010100110011110101010100000011111101010001000010011001
0111101101001001100101101010100001111000000111110000100100111100
0111010101000001111100011111001001011011101111010110100101100101
0101000011100110101100010010101001010001110010010100101110001100
1010010101011001010011110001011011110010011001110100110000110100
0101100110111111001110000110100010010001110111011100011101001001
1011111101011001100110001000110100001111111010001000000011011001
0011011100101010100000001011011001010111010010101011101010010011
0000011100000110010001100010100000100000000110100111011101011100
0011011100001100001110011000011010001011101110101110001111000001
0011000010011001011101001000010110110001101001111110010010000101
0111011111110010011011111000101101000001110100000011100100110100
1111010111110110011010101010100010000110111110101101010100110101
1001110111000011001000111011101100010100110001100001101101100011
0010010010110011111010011100111110101001110010011101100100111000
0001000110010101100001001111011001111101110101010101000001110101
0000011011000111000011110101110011101100010110110001101001010010
0100111010110011010100100101100001100000000011101001111010110110
1001000001001000010011010101111101000101011101011111101010100100
1111101011110110000011001100101001010001001111101100101100101110
0110100010100010111110010001000101110101000101010001111000100001
0000110000110011111100010001100010100111000001000110111010000100
0000110111011010001100001001100110111100000111011011011011100101
0011111001000100011000100000001001011110000111001011000011001100
0101001110010011011100100101000110011000000010100011111111101011
0110001001101101001010101100101000010000101000000011001110001000
1110101010000001011011100011010101011010100001100000010010101111
1110100101110101100110010001100100101100100010000110101111010000
0111010110000101100111100000111110011111001100100011000110110010
0111100111110011011010110101110000100011111010001000001100101111
0010111011101001000001010001100110111110110111011101101101110001
1000001101111010101100111000100010010010100101110110110001111000
0011100001001100110010010100011110001000110001001100000011101000
1111011001111101111001011010111001000000111001111010110001011101
0110011110110001110011000110001001011110001010100001001110011010
0100001011011001001000000000010001101000101100111110111110010000
0110000010000111110111110011000100101101101101100101001001111101
0100111100000101001100011110000100000001100101011011001110100101
0100101001011101101111000000001011000011011001100100101100100100
0000011000111100111100111011011010100001001100001010000000101000
0100111111111000100110101000100111000000100110001111010100000110
0100010010000100001011110010111110011110100100110000101000001011
0001011000001100001100010100001011111110001000000100100000111011
0101001001011011001010010101000111011001101111011010101001100010
0011001010111101111111100101110001101100101100010101110110000111
1110100011110100111110100000011011000101001000010111001001000111
0011110111110010100111000101101100100001000010011010010011001010
1100100010001100010110000100010001001100110000011000010001101101
0101001111000011001110000001101011100001000110110100011101111001
1010101101011011101111100100111010000101000010000001011111100111
0111010110100010011000001101001000111000111111001100001100010001
0111010110100110000100101010000010101001011000001100110000101111
1001011110001101000010100111001001000111001000011000111001010100
0001010111101000100000101011010010010011101000100001000101101011
1001010000001011111101000110111111100011101111110110001010000000
1110101110010110101001100100001000111010101000111010010000001010
0001110010010111001100011000111111000110000111101111010100111111
0101000100101010110001000111010010001100110011001010101111110100
0010011010101000110000000011000010000000100011001001001111101000
1001010000110111110000100000111001100001001011101010101000001100
0100000111011010110011010110101001001110110101011101011101110000
0100100011001010000010101100100100010110000010101011111100000100
0011010000001011001101010101101010011011001000101001110010110000
0010101010011010111001011011010011011111100100100010100010100001
0011000001101011111011110001001011011000100110000111011100010001
0010110110111110111101001011010100110011101010010110110010011101
0010000110110100110111110001100011000010011011011000101111110000
0110001010001000001001000010000000111000000100110110100001001010
1110100010001010111011100011001011111001101000000000110000000111
1000100001111010111101011100110010110111111010000011000001101111
1110011011010010010101101110011010110101010011100011011000111000
1101110000101100000100100100010011010001000111111110000001000100
1010100111001111000110100111011001101010010000100010011101100010
0111100010010110011010110100000011011000110100001110110000101000
0101111010101011110001101000001111010010010001010101100110010101
1111101111010110110011001001100111001110010001110010010101111001
0111010101100001100001110000110110010111010010110010001011110011
0000011111011011110000010001100111111010100100011110000110101010
1001101101010111110001010110010110000000011101010011000111000111
0100100000101011110110000011100010110010000110101001110111000001
1111100100101100000100000110000011101000011000101110000111010100
0010100100011011110001011001111100101011110110010001100011110001
1100011000000111101011010101111010101111000001010001111101011111
0001101111010110110000000100010101111110000100110010001000000101
1011100001000110011010000011011101000001010100000010000000111111
1010110000111001101011011011000011100111011111001001000110010110
0110110110010000000001110101111010100000000100010101011000111011
1000100001001110110000100101000010111001111100110100101111110101
0100100001011010100111100011010010001000010110110001011011100010
0000000100001001110110110100001100010000001110011110010101010000
0000110110101000000110110100111100110101101111001010011011000011
0010110111101010001101100100001000100000011000011001110100011101
0110010001000010101011000001111100011100000101010001000001000001
1000111100000111101110001101101000001100001010110100100011011000
1010001001000001100000101011110011100111000010110111111100100100
0001001000010010000110000110000010001011100011110110011111010010
1111011100100110011100110010001110000100000010101101100000011110
0001101101110011011010100100011100011100000001100000011100000011
0000101100101000001011100011011010011010100010001001100101100110
0111000101000010010011010000111100000110110000010110100000001101
0001111001000111011110101100000100011000000110011111101100010010
1010101101101111010110010110110001110010000110001011100110001010
0001010111000011000110001111100101000011110010110000010111000110
0011010001101100100010011000101010011001101010100101001001101100
0100111011011011111110010110000000000001000111000100110011011011
1110000101001001100101110011100111000000110111001110010101010100
0000111011101100110100011010111111001111100001000011001011101101
0001000010011011010111101110100110011011111011110101100000000000
0111000100000010010010100111010001100101001001001001111000001110
1010011110100000011111001111000100010110010111111010000011011101
0100010100011000111110111010010101000110001011001100100010011110
0101001000111110001011011010001000010111100100010101000110011010
0100001001110010111000100010000011010100101110001111000101111000
0010111001011001000010110100010111110101110010100111100000000011
0110101001100011000110001011110000010101110001101010100110110001
0100100010111011010101000000100000010111111001001010011110110101
1101001100100100001010101110011101101101011000010101111010101000
1110011001010000110101011111011100010000110111110100011010101000
0001101111001100000100100001001010000000101000010011001011011010
1010011010001101011100011111011000011011111110111101011011011001
0101110001100000100001001011111000100010101011111010101111000001
0001000100000110000001100011110100111100001000000000100010110000
0101001001001001000000011110101001110000000010100000100001111100
0101000100101111011101111001100110000110100100110101100000000101
0000110000110111011111111100100000010111101000101011101000000101
1010111111010000110110011010010101010011101010101000010110110001
0101101000101001001001111000111110110111100100101000111110010100
1100010111110101111010000001010001101100110010110000111001000101
1101011100111010110110001001100110110100100001100011100000010000
0010111000101111011110100011001101000001010011110111101100011100
0110001010010011010001100001010010111111100010001011111001000100
1101110110000001001001011011111110111010100111100011001110111101
0010001101000000001010100101011000000001110001001000100101010011
0010000111111101101010011110111110110011110010110101010011100100
1110001001000010001011000010011010100011100110100100001110011001
0100010001000100000110111100101111110111111001000101111110010011
1100000100000101000111010000111000000101000110000001001110101100
0001010101010100111001011010011000010101011001111111010111110010
0111000010001111100001110101111100100110110110010011101011100101
0001010000001001110001111101001010110011100100101011101001000111
1110010000110110101100010001100001110000101101110110000101011100
0000111000011000000001000000100111001010000010100110110010011111
0011101000110000010011100000001101010101100000010000000100011010
0001011110111100000011101111010110100000110010000001111001101011
0100000100100001100000100001101010001100001110001101101100010100
1010100110110101111100010110000010111111000111010101111011001001
0001111011000011100011001000001100111010100101111110011111101010
1000111001010111110110110010110001010110001100010010011011111001
0001011000010110001110010111000100010000111011110001010100001000
0010111010101011010010111000010001101101111100001101110111010111
1001110010101100111000011000000001001101111001100011011011010000
0101001101011001000111001100110000011101011010010011100011111100
0101011000100100100001000111111101011001000010101100011010000100
0001100101101100111001100110011110011010010110100001100000101011
0000110011101001111111111011001111000100111100010000110101111001
0010111000000110010001000111110111011011100011110000010011000001
0010110111010111101100111110000111110010010110010010100011000110
1101101100101001011000101000010100010000010101101100110101000001
1100001111010000101001011110111110000001100101100111100001111110
0110110000101110001101000000010111000101100101110001000101100101
0010001010110001001001100010010111010111001110111000110101111111
0000110011110100100100110110100011101001001001001001111000000000
0000010000111011010101100000101101111001111001011111100010010100
1110010011011001101111000101001001101000001011110110000011100110
0000110111010000100010011101010110101110111111110111000111101000
1101000001010111110111010011100000010110011010111100101011001000
1101101001011111101111101010001100101010110000100100111000100010
1010101011001101011001010101010111011100010101111100010110000010
0111001000001010110010101011110101100010011011100010101111011110
0101001000001110010001100000100001101110101000010110010011010010
0000000100000001001010100111111010100100111100110001111001000100
1011110010101100100111001000110001010001010000000101000110011110
0101000000001111100010011000101001000011111001110100100100001110
0010010000001011111001011001101101100001011000101110001111110111
0010011011000101010011100011001000001110110100101000101000000110
0011110100010100111110010011001111010001100101001110100110110000
0100100010110011010000111011000010011110101111110100001101100000
0001100001101111000000011011001110100000110011110000101100001011
1100110100101001100110101101111000100001000010111011001100110010
0110101000110110111000000110100000111001001010011111111001101101
0100100101110100101001010010110010010111011011111111011011010000
0111000000101000010101001000111011001111111001001001000010100100
1100000111100010011000110000110111100010101111110100100001011111
0010000000000101001100011010111100011111011110010011010011000010
1000110100010001110101110100111000000000111001100000100001011011
0001011100110110100001111110110001010000001011100101100100010000
0100001111100100101000101111011110110010000001001111111011001100
1111111110010010001101000111110001101100001101011110001100100101
1010000001000011110011001011101111100000110000000000101100101111
1101010001001110101100011110010100010111100100001111111000010100
0010110000110011011110110001111010100000101010011001100110101010
1100011011101110010110110000101110100111010100011010100000000100
1110111110001001001111101011101100011111100101100110100000111010
1100001110000111100010110010010110000011010111010001101011010011
1110001110001001110110110110101100111010010001011010000000000100
1101000000101100101010110110011100100101001000011000001110111110
1101001111010111000101101100111001010010111000010001001101100100
1001000000110000100011101100000010101000101101110101111100101001
0111100000100011110111001010001000101000001000001010111101000000
1111001000010011110110101101101100011000100000000011000010100110
1110100000000000000101101101101010110111101011110001110100000111
0001110011101001100001011001000101000001010110011010011000000111
1010011111001111111011000101000011111011011001010010011100100101
1011100111001011101010111000000000010100000000110011001111000111
1001000001110100101010100001000110000011010001000011100110101001
0101100111110110000011000100101001101111010011100111011101110010
1010011011000111111111111010001010011101111101101000111110000100
1011001010011000011011110010010101110100101101001101101100000000
0100000110001110011011011100000111000001011010100001111100010111
1001111110010110111010001110000101010101001111000000100111100101
1001101010111001011111011100100011001001011000111111000100011001
0100000000000011110000100101001010110000011001000000111000110010
1011000110111001111100111000011011011110111110110001010001000000
1011110001010000110111001100111010000001011010110001011011110110
0111111010111001000111011110101011011100100010001110100110011011
1010011101011110101001000011101010100111111111000010000011110100
1011111001001101011101101010100110100111001100111100001100100100
1110101110110001011110111000011100010010000110101001110010011101
0110010110001101010000111000101111001010001100111101100001010001
0111010101100011000100011111011101110101101011000110011000000101
0110101000010001101111111110001111111110000111110111000110110010
1000000001001101011101111000100011110100010110011100111010110100
1101011111000001110001100011010111111010001010111010110011111110
0010011000010100111000100111111110000001110000111000101100111011
1100000010000101101000100010110001011101110000001101111011111011
1101010010100111001000000011100000101000111100100000000110001011
0111010011010011110010100000010011111101011100011011000001111011
0010111010100111000001111001000111000010100111100100001101101110
1000100001101111000100111000011011101101101100100001001000110010
1100110010011110000101000000001011101010000000001100010000110110
0010000011010010000111110110101010110010110001001111010001101110
0000110101101001001111010000111011011100001101100100011011010100
0011111010000011001010110100011010111100110011110100101011001010
0010101001110101100110111001111010010111101101000000010010100011
0000100111110100100011111110011101001001010010010100100001111000
0111011001100010000000100000000000001101010110111010111010000011
0100111001010101000010110000000010001001000111101100100011110000
1110111100011111110101110011011110000011011011000000110111101011
1111000011110001001000001111100100001111111100011010010000011100
1111110011110100100011100011111001110101110100101010001001111110
1111111000110000001101000011001000111101101010010001101001001011
0001010000010100001001001110110100000010101010010011100000000101
0101110100011011111011000110010110100000101100010000110000001100
1100010010101000011011000100001110001101101000111010011111011000
0111001100000000010010111011001101100001010000010000101100110010
0010101001111000101111000010001101101000011101000000010000111111
1101100000110000111001100011110100111111001001100000111011001001
0000101011010011111100000100100011000000000001110110011101000010
0110111110001001011001010101010111000010111000111100100000010010
1010100011100001100010001011010100000111100100001111111100100101
0110010010000101001100110110111010001000101111101000011001111001
1010011010110101011000001101000011001000010011011100111110101100
1011001011111111101110011100101001101100111000010111010111010010
0001100100000000000001111111000000000100110101100100101011000110
0100100011001001111110011110010001001011010110001001100010001011
1000110100101000010001000110101000011101111001111000100001110001
1000011111101011011101110100000010111101001000100100100011001011
0111001111100100101100011001101010001111001110001111111100000111
1110111111010111010011110101111000110111111111101000110101101011
1001010010011100100000111010000011110001001100011001110100111011
1010001011011001010001110011101011000101011011000110111100000100
1011001001110110010000011111011110101000001000000000110111001111
0101000110001100111111100010010110111100100100111110010111101101
0110110100001000001111000111100001011110001011101011101010000111
0110100101011101011110101000101001010110100010011001000100010110
1011001001010100011001000010010110010010011000010000101100010001
0101000010100101000111100010101110010000001100011001101011110010
1010111100110111111100001101110010101100000001001011101011110011
0001010010011011111101010100110001100000101101101001010100000110
1111111010110100011000000101100010110011011100100001001110000001
0001111110111010101111111010100001000000111001001001110100010001
0011100010100101101111100100101111011110100001100101110101111010
1101111000000010110010111101000001001000000000110101011010010010
0011001001101111011100001010100001001111010001000100111101111010
0001110101101110111000110101010111110000011001000100100100010101
1000011101000110001110000011111000110101000000110001111000010111
1010010010100011101100010010100000000110011101000001100100101110
0000100101110010100011111101100100010011100001101000111001000100
1111110101110100110001001001110110011100011001001001011100100001
0011100110000001001001101000010100101000111100111111011001000111
0000000111100110010111111110000111010110000100010101100011011100
1110001000010100001101001010000010101101111001010001100000010001
0000011011101011110100001010100000100010001010001110100111010001
0100001100101011001010100010010010001000001110001000011010111101
0001010011100011000011000011010100011001000100010110110100000000
1111000000111101100000010011100110010101111000000010110010000101
1111110000000100010111110011000100111000001100011111100011100000
1001111001010010101000010001010001010100110100111100111110000110
0000011001010000110100000011111010010111110110101110100010001011
0011100110111011110101011101001001001100000100010101101100001001
1010100101110010011101000010101000010110100111001110011001100110
1000101000001101110111010001000110011001000000101011111101011011
1111101101001000110100110101011010100000001111111000100100110110
1000010100110111111111001010100011010100100110100011010001001101
0011010111010000101111000000111000100100000001001011011110011100
1111000001011101000010100011100011101001011111001110100111111011
1100001100100111111100000101011111110100011000100010100100100000
0001001000001110001011111111100110111000111000100010100100011101
1000000110010111100001110011010010001100001000110111100110000100
1110101000000001111101110100101000101101100010101000000001100011
0000010110101010001010001010000010000000100110011100110011100010
0000100001001110101101110000011001001101111101101001110111011110
0110000001110111100001110010000010010000101011011000011011001000
1011100000101110011001111101010110001010011100010100111100111010
0101001101100000100100010110000010010100000011100000000100110101
1001100101001100000111100100010110010101001100010110010101001000
1101110000110011001000100101010001000101111010010000100010101000
0101000010111101101101011111010001011110111110101010100011111110
0010101100100101111101100100100001011110110111001110000010101011
1000111000100011001111101001100101100001000101000011010010000010
0010001100011110100100000011110101111010111100000110011001111100
0001110000001101000011001001011010011101000001100001110011001100
1101110101110010101110101110110110100011010000100101010100000100
0011100111001100000010000100110110011001110111000100100111101010
1100101010000111011011110100000010010101011010101001000001011111
0010010101000001111000101100010101011001001001110011101011100000
0001100101110011101001001011001000101101001100101111101111000100
0001001101110100000111001111011100110011110010001010110111111101
1111000001100111001111110100100110101101010000011011111111101000
0100111111000111000101001101101000101100110111110010011110111000
0000011001000011100010100100101000110001110010011100101101100101
0011101000010010100010101001101010100111010001000001111111001000
0001010000101011000000011111010101010000010001000001100001111100
1000001011101100011010000100011100111000110011000011000100010000
0011000100111011101001001110110010111000111101110101100101110110
1001010000101111100010001111000100011010000100000000110001001011
1111101010000010001010011100111010011011011001111000101011100111
0011011111001111010000001000000110110110001100010001110011111100
1010000000110011111100010101100010011001110101011001110111011111
1100110110010011000010110011000100001011101011001010111111011110
1110011100100010011011001001000101011101010110000100010110110101
1101001000100101010110100110001110111011101011111001010101100010
0011011110101101110100110010101011100101011011110100001100011000
0100010101100001001010001110010111111110100001010010111100101110
1111100011110011001110101011000100010010111101010100101100010000
1110110001100000000111110000110111000110110111010101010000111001
0110111101101010010101110111110101110110001001010001001010000000
1001100011010011001001001111100100011111000110001101001111100011
1100010111001011010100101100011101011100110111001010100100110011
0011100100111100110101000010101010101100110110001000111110100110
1010101010001000101001010110110101100000000011011110100110010110
0100011101010010001000100110000100101010001100000000001001001001
0100011010101001111101111001111000111101100101000010111010110100
1001001010011001001101111001111110111011001111111001001011011000
0001000000010010101011001101000000001110111010001100001111101011
0000110110000001101001111000000000100010101110001110001100011110
0111001111011110111101100110001111111111111000101110010101100011
1001000010001101110001111110110100111101000111101001100010011011
1101110111110110111111000101101001001101000100011001101001111001
0010100110101101111011111011011111011110110110111011101111000101
0001101110101001000011100001000111110011110001000101101011101101
1100100001010100010010010101011001101011010011100000110001001100
0000001100100100110001101101000101000000100001000100100010101011
1010001111110101000001100001011100010100001001010001010111001000
1110101011011011011011111001101101011001111110111010001101101110
1111011011000010011110100111111110000010011100111100000101110010
0000101110011110001011001010111100111101000100011110010011101011
1100000011001010001000011001010100000000110100101100111010101111
0110101111011001111001011001011001101100001010110110010101011101
0001011001110111110110001110001011001000011111010111011100011100
0011111011011011000000111110101110110001101100110000010011111100
1100001101111100010111101001111001101001110110100100011100110111
0100100010000000111011010111100010100100101100111001100100101100
0001100010101100000010110000100101010100110010101010001001001000
1101010111101010000111011101111110000111100100000010100011001001
0001001100001010100101010111100011001001001100111000101011110000
1010100100110100110100000001110110001111110000011000000000100010
0010011001100011100111001000101111101111111000000100001011111000
0101101101111101111100101100110011000000111001001111011000011110
1110100001110110100010000011100100110011010010110000100110111010
0111011100110100010011010110011111101101111110001101011001010010
1011110011100100101111010001010001010100010001010110010100000100
1110011110110001010001000110101000001111101111101001000000010100
1011000111000011010111011010001000001010010010000001010011010110
0101010100100100100100110010100011011111001011011011001101010111
1111000100110110111110000001101000010000010101101001011000111011
1010110111100110000110101000011010010001011100010001101010010110
0010100111000010010010000111001111010110100000111001110001100101
0111011011011010100110100100010111101010010100100000101010001000
1001001110000111111101110000001011101001110100100100111110001001
1111100101011000001011110101100001010110011001000100001000001000
1101101101111010011001001101110010010100011000000110001000101101
1110111011110100110000001000111110001100110100111110011101101010
0010001000111100001001101111100000001101110110001100110010110011
0110111001010100001010011001110111001000110000011101100000011010
1010100100100000000001100000010001011100011110001111110010000001
0000111000100110101000101001001000010001010000000000111101011000
0001100001111000000111111111000001011011100100001101100100111101
1011000111011111101000111001110011011101001111001001110100001011
0110101010000110001100001101110011110001110100000001110000001000
1101001010111100100100100100000111011011111010011100011001111101
1001100111101000100010101100001001000001110101101011001010101011
0101101001011110110110100110110001000100110111001111000110001100
1110001011111100001011000010101100011111000000011111011011001010
0010100000001110110110101001011000111100101100010111000010101010
0000011000001101001110100111000001000100101011100101010001011101
1011010110001110001000001011110011100001100000101000100101010110
0100000010000010111110011110001001011100111001110010011110110100
0101101101111111011011010110001001011011001000110010101110001010
0000111001000011000000100000110100101111110000001111000001111010
0110110100001100101000111110011000000110101100110111111100101111
1000100001110110000011010000110111110101011010001001110011000001
1111010010101000101110001011001000100100111100100011110101101000
1101101101001110111011001010000010000000000111100100100000101100
1101010110011001100001010100101111101101100010110010110010011001
1001111000111010110001001110110111000000100011100010000110011000
0011010101001010010110101010110011100100000101010100000000011110
1010001001111100010100110100010001010000001001100000111000011001
0001011011000101001101010110011011001111010010000100111000100100
1100010101000100110000001011111010000110100100001110011111011101
0000000110101001000000110011101000100011101010110110100001100011
1011100011100011101011111110011001100111011010011100010101010000
0011100000111100101001100110001111111011101001100100010001100010
0111010010111101111110011110100011101010010000001101101010100110
0111011101111011111101000100001010101001100001011010110111001100
0101110101100011111001010101101011100001000011101000000001001010
0010110110011111100111100100000011101101011000111111001011010010
0000100000101000111111100101010000001111001001011100010110101011
1001111010010110011100101011001000011101100011100010100000001001
0000111100111111000111001110000010010100001001001101111101001000
0111111101100111110110011000111000111011011101001111000011110100
1110111111111001100000000001010001000110000111101010010011101110
0101010010010111010001100001111011001001100001101101001111011101
0111111000101010100010001100111000000110011001110001010111110000
1101111101111101100110001010001001110101101100001111001100001001
1000110000000101100010000100001001001011101001011011010110111000
1001010010010001010011010000100010011010000101001111010110000110
0101000100101101100100000001101001111100111000101011111011000010
0111000111110100101111111000011101001101110001000101000110001111
0101110010101111101011011111011100100110100100010010010010010001
1100011110001001011110000010101101001001000011001001010001110101
1001110001111011101011010101010010011010010000100110111001011101
0010110111101000010100100100000011100111111101110000110000110101
0010100110110011101101110100000111001001010100100001011011101000
1001111010100000001011011000011011010001111001111110100110111000
0010101111011101001101100100111000000111000010001101111001010100
0100000111001011110110100011001100100010011010100110100011100101
0010000110101011011110011000110000111001101110100100001111101110
1101000011011000100000110100000011101001000101001100100000000100
1000111111001001111001000010110101010000010001100000011011100001
1101011111010111000100111101010001110111000011000110010111010000
1001010101101100000001001000110101101000010000100011001111001001
1001010010100101011111011100011110100101001000001111111100100111
1110010001100110010111000110100101110110101100001111001101011000
0101001100001011001100110011011111011100110111110010011101100100
1001111000100111100100000110111000100011010000100101101010101010
0010110000100000001010111100011100000010111010111000000011110010
0011101010101011111100010101101001010111000000101011000001110111
0111100100110000101001100010010011111001010000011001001101001010
0110101100000111110001000101100011011010001110000110100110010010
0100100100010001111011001111101100001101001001100000000010110001
0001101100000010010011110101110101111100111010000101000010000110
1110001100100011010110101000001011110001011110100101011011100011
1000011111111010110110101011111011001001110100010110110111011011
0010100110000010010000000110001111010111111010010000000111001001
1000010001000101100100011110101111000011011001111010110100000001
0100110101001111101100000001010111000001010000111011101101001110
0001111111111111000000111011000001010110101100011100010100010011
1110000010111100101000000010001110101000111000100010100010001000
0001110110101100110110101000101111101000101010100011110101110000
1011111110101101001010010001000111110100100110011000100101001100
0011111000101000101110100011000011010010000111110101011111110110
0011111101100101000101111011111001111000110010101010000010010000
1101110011100000110100110010101000010000100010011100101011001010
1010001111010000001110001110000010001010111010100001110011101000
1001010001001111000000100110110000110010100010000011111111101110
1000111111100001001001001010011000011000010010001000001001010010
0110110101011100001011000101100101111001110001000010001110001010
0100101000100100111111011101101111101111000001000000101011100010
1010001000010110001100001110001011101110010000101100010011101010
0001110011000010010100001000011111100001110000110100011000001100
0011111010001011111000110111001010101000101101110101000100000110
0110000110001011011000101010111101101001101110101110110110001111
1110001101001100000101001010110010101011011101100111011011100111
1010001010000010110101001110110010101110111111100010001101101100
1111001000010101000000100011101110101000001010001110010010001011
0101011111100001001110100100100000001100001100111000001100101100
0100110000101010010111010101100000011011000000011001010010110111
1100011111000101000001100100100000011010010010101100010010010011
0010011110110100110011011011101000000100111010101110001101110011
0011111011101000000001110110011000000111111110011010100000000111
0010111000010110101100100001000000101011110110001100010110100110
0000000010001001111111011110000101000111000111100001001000010111
1011101011000000000100101111111010010111111001000101101001001111
1011101000100100010010000110101011100110010011101011110001111010
1001011010101110100001000000000110001011000001010111011011100011
0011101101110101011001011110101010101001110001100000011001001110
1001011000111110110010010101001011111010111000001011010011100100
0010011100101000001100101110110100110011101100101111110011000000
1110000101010111101010111100001111101010110000000111101110100100
1101011110000011001001010011000100001010100110111010110100110010
0000000001100000110000001001011010001000101000101101010111011101
1011000110101101110010010011010110001111101110011001100111000110
0000110101010000001110010000111110100101001010100111101100100010
1010001011010110111110110011110100011001110001000000101101111110
0011011110101100101100010100001011101000000110010001001110101001
0110001000001010000001000000111001101101001011110000100010111101
0110101011101100001111100100010101000001001110110110100100111010
1000001010101000000111010100001100001110001000001010010000110101
1110111111101000001110010001110010101111000001111000011111100000
0001100110011110101000010011001101001011100101011111111101011010
0100100011000000110000100001000110110000101000111001110000011101
1011010010001000010000110000000000100101001111011101101011110100
0000110000110000001010101110011100010101001100000010000011101101
1100101001110110010111000111100100011000001001010111010001110011
1011010000011011011100011000000000000010010010000000011000101001
0000101110011101001000100010010010001100101001011001000111010010
1110001011101100100011001000110111110111111101110000001100101010
0000100110110101111010100110101111011000100001010111011100000000
1000110100010000101011101000010110000101001111000001100010010110
1001100101101010100100001001101100100001100100011000000100100101
0100010011011101001010001000011000100000101000010000011111111111
1100010111110000001000100000101001100011000011101110100101101101
0111111000000101100111011100010111101101100010010001111011111100
