00011001101010100010011011010001000101011000000010100011111010000011101010110111000011010100000010111100010001110110101100000010
01000011000110001110110011011001111000000101011100100100010000111001010000000000111010111110010000000100001111110000011001110011
01011000110100100111010011010110111010111000111110111111001100000101001001010101010000010001001011110101100110111001100111110000
11001010000110010010011100000001011100011011001011011000000000010010011001111111110011000101110110001111101101000001001110001110
11110100000001110111011110111000100001001000111000001110010001100110101110011001111111001110110110111001101111000011110110111010
01100101100111001000010100110111001010111101110100101101111010010100100010111010100110000010011101101111011000110001110011110111
11010000110100110111100110100101111100101101101110110111001101000011101001111000011000010001001011001001011110000100010111111100
10011110111000101010110001101000111001000000101001011100101001100110101111000001100100011010001010111010010110011110100111100000
11101111101000000000111100111111101000001100000001000000010101101101000100110101110101011100001011100010011110010101101111100000
00000010000110111010110001011111000100100011101110011010100110001100111011001001010001111010010101011101100001100001010011011010
00111011100100001110010001101001111010111100001000110000101001101010011101111011101110010010100101101010011100010111001110101001
01101111011001100001111110100000111010010001000011111110111001010001110000001000100011001010000110101001100000100001001101000001
10100010011000010001101100011011001001001010110010111010010100110101001011110101000111011110100011010010001100110100101110101110
00100111100000000111111010001011101111111010010011101100111111101110110110000110011010010100010111110011000101001001110001010111
00101110110110000011110011010100111100110000100111111111101100111000001010101001110110000100100101110011100011000011000101100000
11110110110111011010010100000101110111111111100111001100110010001011001111111001110000000011011010010101000011010000100000000100
01001000111010001010011111101111100111010011101101010001010110010110101101100000000010111100011010001100011001101110010010111100
10010000100011101110111000011000101000111001110111101110111010001101001010111100110000000101101010100000111001101000001000110011
11011011110010101010010001110010100011000010100100011010101100011010101001100110010000110000101110000000000010100101001111000010
01001001110101100111100111111001100000101101101111101100101110000001011100111011101001111110101001011110101101110010111010010011
10011110010100011010010011101000010010101110101110001000111001010100101011001011011111110101010111001110101110011010100100111111
10001001010101101111001000111000001000110111010010001011101110111011011000000100001100100101010101010111001000101100000001110010
00111011110100001101101110101010010111111001011001100111110010001001001010011000011000111100111010000000001011101111110100000001
10001011001100110110100111111010111110000001101111111101000101010001110010101111110111111110001000110001000010000001101111100110
10110100000110001010011001000001111001010100110110001010111010111001101101110101000010000001001101100011010110011111011000000011
10000110010101001001111110101110111010000001110111011000101110110101000111011001100111101011101101110001010101011001000100011110
11111101010111111011010111001001011011111101101100001111101100000000001010101011010000000100011000111111000110100011110010100010
10111111110100000101001100000011001010100101001101101111111111101111100000011110100010000111101111110011000011100010000111011000
01111011011001110100000010001111000001100101101000010101001011110101110100111100000110010010111110010111100010001000100110001111
01000010001010001101100110101111101101010001100110101010000001010001110001001011111101001010110101111100110000101001011000100100
10011010101000010011011001001101010101100110001111000010111010110001110100101110110000001001011000111000101011000111110011010000
01111011100111101111111010101010001100100110010110011011100011100101110101000011110110100111011100100001101111000010010110011001
11001011100001111100101001001010110001011011111100101010010000101101110100101111001110010110001111100001111000100101001100111010
00111000001100011111111110101001110100010101111001000110111011111111011111001110001110101101101000001110111100010110000001100010
11111011011001101110011101101101000011101001010000000101001001001011001001010110110001101110100111001000010000101011001000100110
11001000010101111001110000110010110101100011010010010010110100010000001100111011111000111111010111000001101111110100100000010100
11011000101000111001101100010110110001110101000110111000000110001101111010010000000110011001110001011000100000011000011111110101
10101101111010101110100000110000010001110000000110101000110000100111000111100110011111100111010100001110100110111001010011011101
00010100001000101111100110000010011010101101110101010101011001010111101010101101000011110100010100001101011111000001110010000101
10110000100101010100000001011101011000001000011010100010010100110100111110110101001100010100011011011000110100001100101011101001
00101111011000011101000001111000010101001011001111110111100010010001110000001110000000101101001100111000011001010000110111110000
01111101101000001001010011001001110101100110110101010001101110111001100010011101111010110011100000000011011110100001011010000101
01000011111000111110100100111110100001000001111011011101000000111000111001101110011110010111000110111010110000001100011100110111
00010101100011110010111100111000100011000011000101010100111111111101011101101101001101100101111011011010010110001011110110101001
00000110110101011010011111111111010000000010101001000001111001110110001110001001101010001010101110111001001010100110100101101011
00001100100001001100011100101101001011001100001001111100001010011100010000110001101011111010111101101100101000111000110110101100
11000101010000100001011001000000110011111010001011001001100101110000111100111011111001001000110011011101011101110101111111101011
01101110101101001111101101111101000110011011100001100000111111111001111110011001100010110011010110000111001111011000000101001000
10110110100110000000011001111001101111110100100100000101111101001011011111001000010100010110110110000111100100110100011101110100
11100111110111010001100110110000011100011111000101001100100111111110001101010100001100011011111011100111010011000110100001101001
00011111001000110111110110100001110001101100011111101000110111000000110100100000111000010001001010100011011010101111110110010000
00110101001000101011100100001101011111101110101111101110100001001110000000001111100100011101110101000101111101001010110101101101
10110100010011101100011001100001100010001000010100010000001010110011011011000110011101010111011000110111110010101011100100100000
00010110010100001111101001001101000110011111011101001011111000111100000010011110100101110110101001111011110110110001101000110100
10100100101011010101010110101010010100100100010100101010100110011100011010110100010001001011000110110100001010101000101011011100
00001000101000001101010001100000000101000110001010100010111100111000011000100000011111101111110001101001100000100000110010010010
10100011110111101110001001000011000111111000011101100011101011100111100111011000100101101100011001000110101100011001111010000110
00111011000010111110010010111101010000011010000100111011100101011111101010101101101000111011010111001011100011111110100001100001
11001101000001010111111100001010100101100110111011001100011101000001000011100000101110100110010000111011101110110110110001011110
11010000100011100011101000001100011111011011101101101000111011100110001100111111111000100011011000100010000000101110100000011011
01010111100100101000100111100111000011010010110101011001010101010011111101111000011000111101111110110000000001000000000100011100
00100110010011101000001011111001110101011011000101010110011100111111000011101001100111001001000100001111011010100000001011111101
11010010101000100000001001011000110101000011001010011111110111011100100011111101011011010100111101100010001001101100001111101001
01001111001100111010100110100100111001101001100011001110011111011101111110111110100101111001011011111101100110001011011011111111
11100110111101010110100100100001111101101011111101011101100101011001100010011001010000010110101111100000011101101000010100001011
01001010110001111000110100101110110101001000100001010111111001101001111110100001000110000111101001011000001100011010000000101011
10110000101011000100100101100011110000000000011010010110100101100100101111011101001111100001110010001110000101101101011011011111
01010101111000101101100010101100111001110110110111010100101111110110100110111110111100111010001100111110011111010010101111100111
00110101011110110001000011000111101101010010011000111001011011010001111000001001001110100110000010000110001111000001110100010100
10001011101100100000100101101101000000001100111010100000010001101101000101001000100100011101010000001100100110101000011110100110
10100101101110010100100000111110001011100111010101111000001100000100101101010000000011001101010110011100100100100001010001111101
00100010110001101011101001111111101110011110101010111100110101111111000101100100101011010011111101100010000001110011001111000100
01100100000101001111001101110001011110100100010100000000000000001110100010101110100100010101110111011110011000111110100011101101
00100010101011100011101100001000000000000101011010101000001001010010001001101001010010000011110000010100110011001000101011101111
11011011010000010010010010110010111011011011001011110111011000101100000111010011101100110101000101001101100101010100100100111110
11000000010100100110001110011001100110111001101101110111110011000011100000001011011110100001110111010110001001001010111101100001
10001100001010011111101100001011010110101110111001010100111010001111010010100010010110100011110110101101100010000011101001000000
10110110011010011010001010111010110110111011111011100100111100110011110010000101111111000010100010111001101000011110011101110001
11100110101101010010010010111110101001111011001010111100000011010111000011110001110011111101011111110000100100001110100110111111
10111101111101111101110010001100001111010010100010001101100011110100000100001001100001100111111110011001110010001101111110011110
10001110110110111101100000001000101000011111001101010110011110000111001010100010101110011101011100011110111010011000010101010000
11011001010011110101111111111100100000110110111100100010101101001000101010001101101110111110000110010011110001110001001101011011
00011011010000000100100100001110100111001000001110010011101011000101011101110000010000101111101100101100011100100111110101100000
11011111110111101110000000101110010111100010101000100111111100100010001111100010011110000011101001101111110010010011111010101101
11110111000100110100000011001111000110011111101010000010101100101100010011001110000101100000111010010000000100110101101010100000
00000001110001010010100100111011111100000011010010111011010000110000100111001110110011011001111011101110100011110000001010000011
00111010111010000110111111011100011001001011010111001110101110110111000011000110011000100001001011101001000000110101010011001101
11111110000100011001100001110000010011111010000000100111000111100011110110000011010010010110101101010100011110001001110101001001
00101001000101101000000101010010011110001010110111111111001001001111011100010010111001010101110011010101011001001011111110000011
01111010001100101100101010101111111010010001101101101000000110001110011001111111101011000111100011001101001000010101011011101010
10000111001010100100001100000111110000111100100100001010111010110111001010111100001011010100110010011110001000000110111001111011
01011001111010000011001001010010010011101011101111011011001001011101111000001000011111100000100111110101000001000101010011000011
11110101101010010111001111111000110011100100111111101110110100001000010010100000000011011111011000101000101101111111100110110011
10000010101011001111101000101001011001000111111101101111010010011101001001001111101111100101001110111100100100010001011101010010
00111100100000000111011101101000000100111111100011011010100111011110100011111011100000100111101111011000110101001101010101010010
10100010101010100101000110101101011110101100000010000001001001110010111110001011101000010110110111001100111111011111111010010100
11111111010101010011110000010011000101010100011100001010001111111111100100000001010110110110011111011110101000011110000010110111
00101000000110011010110110010010000001000101010111000101011001000101010101000001110100111001000011000010001000100010111000101010
11100111001011011100101101001111011111000000110101101010000110000111000010101111110101011000100101100111011111000000101011101101
11101000110001111011100010110000110101110011010110001100111111011111100011001000101001110100101011111110011010110001100000000110
