-1367
-1062
36
-2609
310
-393
-874
-1191
-1175
1168
-2535
454
2602
1751
-240
-2804
-196
-374
1646
4252
-2929
1104
-2302
-1125
-386
1924
2592
-1814
3800
340
130
5320
-286
-1230
-2785
743
-14
-2253
-2716
-3281
514
873
-1476
-1464
3499
1386
2102
-3009
-1114
-1778
-539
-4201
-1099
2796
3556
1367
1634
3583
-158
959
-412
2779
3899
-2011
-568
-4888
-1249
-161
694
-1136
-880
-1366
3490
-1213
-2868
457
1788
3128
1565
674
3482
1994
-2917
1064
-262
-433
2731
-1399
2277
781
-2352
2669
1271
-2976
2123
-1312
-923
-3129
1498
4187
-2315
173
-102
-3194
1705
-355
-2571
-702
-493
1815
-2361
1813
828
-313
-2667
839
-2618
725
-2385
1861
-1753
1955
-1808
-3115
-135
376
1884
-1587
-1390
