11000001011100111111101000111100000001110010111111011101111101111011100110110101000010010101101101100101110000000100111101001011
11110111110100010111011110000010011001110100011011010011111010001110001110010111100110100111100100010111000000110000011111001000
01000110111000101100001111101011011010011011000110110100101101110000001111001011111001011001111110110011001000011101011001111001
01011010000011110000011000011010110101011110000110010111010001010110101011011100001011101010111011011011001100000000001000000110
11110110111100110110011001110010000111100011100110111100100010000001011100011101011000101000010100011000010011110100111001011010
11100011101010011011101111000001001010011010100101111110011010000111010000100010010000100001100000101000010010000001010001001011
00011110011011011100100101111110111000111000111110101010001011111010010011100011010111111101100111001001101100001000110001000001
00001011011110010110011100111001110100100100001001000011111011111110100111011110010011001011100110001010010101000000011011000010
01011100110110101100011100100010000101011011100000000000111100011001100110001011110100111111111010111101000111000000001110110001
10011010111011000111100011011010111010101100000111011011110010001000110001101000110100010000100110011110111001100001011001101011
01100101101110000100010000100010101010000110010101101110011100100000000111011000111010110000100000111101010101110011011101001100
00000010011110110111001110011010100010001001011100000111100010011000111101010010011010100000011101011010100110011001010001011101
11000110000010010001001101011110011100011100111000101000000011101001101000000001110001010000100010100100100000010010010111111110
11010101101101000111001100000011011001011010000000100100110011100010111111001111110111111001000111011000011110001100010000000001
11000101110011010000010010001101101000100101001010111101001011111100001111111010010001010000000001011101000010010000000000101000
10000101001111001110000110010110101011111010111101101110111011101001000001100011111111111011111000000011001010010010000100001000
00011011100111101111010000010100100001111010111100101011000000100101111010000101110011100110011110001101000101111100110100010100
11100111100100111100101010101101100011111100011101000110111010000000101011100111111100100100010111011111011011000101111111111001
10001101001001001000010101011010101001100110110000101110000101000100100001110101000001010000011101110101000011111001110010111100
11101111010001010010101010000110001001010011010100001010001011001001010111111000101011110011101101010110101110111100101100011111
11100000111000100100110001001101101011100000000000001110001001001100100001001010110110011101100111101101101101000011101011010010
10100000110100001111110100110000110101011010111010010000011100110100100111010001100011111111101001010101010111110011011011000001
10000010011111110010100000111100101101001110100101111010100110110111010010000011011110110011000100011100010010101101000101110001
10111101111011101110110111010010100101010010000110111110001001011101001001010101100001001111000111010010010000011000110111101010
00100100101101101001001101101010000100000100101100011111010111110010110000111011100100000100010001111000011110110110000001001000
01100011000001000011110011111100011001100101100100110001111100111110101000001111001011110001001010101100100110100000100000011111
11010100010100111010110100111111000000001111011101101111001110110111011111101000001011110101001110100001000110000000010101010100
00110011101000110100101111001001100000100001100101010100011001000011011110010100110111001011001111001101010110110110000000010101
01111110110011100000101111100001000111110001000100010000000010011100000011110001000000110101111111001100111101101111010000101001
11000100100000010001000011110100100100011100100111001011000001100001000001010010001111101011111110101011000010101010000110101111
10100100110110000011101000100110000001011000100100001000001011100111111101101011001101100000001110001011101101011100001100100111
11110101001110111000000011011010100100001010011100001100100001100111111010000110100111011100011110011100000010100111111010010000
11011111101100100001111001001011100110010001001100000101100111000011100000010110001110010001011000111100100000110001111010111101
00011001110111100010101000001000000100100101001110110001111111001101100100011110100111100100100001100010000000000001000100000110
10010011100000010100001100010011110111111111010010011100101011111011010110110101110000011110011100010111011111001101011101011111
00100100011111110011111001010000000101110111011011110100101001111011011000100111100101011001001001001010010111001011011101100100
11011100110111001100010100000101101011000001001010101000011101111111001000010000101001101111011011000001010000010111100011111111
11101011011000001000000101010101100010111000100010111011000110010100100000000111101100010001100111001100000101100000100011000001
10001001001100000001110010000001010101111010010101010010110000110000111101100111001000110001111111100111010100001010101100111011
00011011101000111101010001101011111001111001011010101100001101000100010000011011001111000010100000001110001101100000011011000101
11111001001111100011100110010111111000101100001000000001010011000101010110101111001100001010000011110011100011100011110100011011
00100100110100100111011100110001110010011110000001010000101011001001111011100101100110001101010111010001110001000011111101000110
00101000101001111011110000010100101101010001010110000110001110010000110011001111111001010010000001000111100111101011000100011101
11010111000110100100111111101010001011010100111010111110100001001010010000101010100111011111100011111111000101010000100011010111
01111000111011100100001101100101001100000101001110100110110000111100111001000000001010111000111110101101000100111010000110100001
00110000000010100111110101100011000000011100101010010100110000100011001010010100010101101011011010100000001111000101001001000011
11010010011000010000011010011111101001000011000000111101001011001111100000111000101000111011110110110100000101000110000011011111
00001001010010000000111011000111100100000100010000100111000000010110011101001010000100010100001010110010111000000011110100110101
01010101100110101101001101010011011000101000110011100001110001100000010011101000001011001101010001011110001011101100110101100100
00010010011100001100110100011001110110001001101000000100110110110001101010111000001111101011111100001011000111100100010000100001
11001000100000000111001100100011010000010000000110100001001100100011101001000001000110001101110110010100110010100000001001101100
00101000011000001111010001000100010001001101111001011111000011100111111000001110010110111101101100001110101010011001100010111011
10001100000100000000010100100001111111110000000101001010010101010101100101000000100010101010111110000111000010001001011101011000
10001110000010111100000100100001100100110001010000101011111011011111101000000100100111010001011010100000000111100001110011000001
01001101100011001010010001000000001101111101000011110000000000001111000111100001111001001101011000010011111000100000010010111111
00110001110101000110010011100011111011111111011111101110010011100010011011100111010011011101000001011001110110001000100101001000
00110011010111000001011011100101010011101111111001110101000110110101111001100110010111001000100001000101110010000011010011011010
10000101111111010010100001000101101011111011000011010010110011110100111101101001100100110110110110001111011010110101000011001001
01001101110011000011100000100010111111000110001110110100101010011001001000110000110100000111010000010001010000001110101011110101
10000011011001101000010011010000100000010100100000000011010100010001110001010001000001111101011011100000010101111011001001010000
01011110111010100010000010010110100111101111101101100100010111010000010000110111000110011011011000100111001000101010011100010101
01000111000000111000100000000111001001000111111111001000010111010100101011001100000010001000111100101111001010011000110001101101
00101100000000111010111110010110001110000010100100101011111100011110101010111011011100011000000000101100001001111111000001000000
00101011010111011110111110001000001110001011010111010001011111111111001100000010001000001101010101011001011100110111100111101100
01010001100000000011010101011011111011001011100011111111011110111000010110101101101000100000110111111101101110100001001101011101
11110000111000011011100100110010011011010010011100010110010100101100110110001011100110000010001010010011010110100010100001100110
10000010111011001000001001101001110110010001011100100011000010000110101001100011000010111001100000001000100100011011000100001100
01001011110000011101001100010110011111001100110111010101110100001100111001101001110100111000011010110110100110000110010100010001
10001101000100010111110111011000000010011000101000101001010100100100011110010011000010101000111010011010101100100100110010011110
10111001001100001101110000100000000001010000110001100100110001011001101001100111011101010001010101101100001100011100110100011000
10010010111010111011000000010011000001011100101100100101010001001011011110011001011100011111100101010110001100101101000100110101
10110010100101001100000001111111000110000101111000100001100111011100100001101110100001011001110111011000000101100110001001000000
11111101100110101000101000111100110011000101100011000001000101001001001111101011011010001101100011011111101011011001010111011100
00000100110011111110110110010001011010100011101011010100001000001001001010011101111110011001000000000001000111011110100100101111
00000111010100001001111010111000011111000110111100001011010100000011000000001111101010001001000010010000110100110111100010000100
11110110001100110000001101110011110100011010001100101010111001011010000100000111110011010100000110100010111011100000110100100010
01111001011010100111111011001010011100010111101001100001101110001100010110110011011111101100001000011100001010011011101100110100
00100011111001000001100100101011010101010111100000000001111101110001001101110110110101011010001111100000110010100100010001100000
01100101011010010001001110001000001111001011011001011001111101010000010110000011010110011101111000100010110111101110001011000110
01000100100111110000000011100010101000100001010111011100000101100111110001111001100010000010010011101110110110000000100011011110
11101100111110000110010000000101111110001101110100110001010100000010011111010010000100110101100111001011011111100000001101010100
00110110000110001111110101000111110000010111000110001011010000001001100000010011101111010000100111101011111110100101100000011010
10001001100010000100011010000101010001101010110001110100001011111010110110101011101010111111110111110111000101100000110111110101
11101001110000011000101111110010101100011100011101011100010000000111001000100110010100100011111111100101000111000010010010010101
00111101011000010011010111000101010110001111001010010010010110100101101111001100001010011110001000101001101011001110011100111011
00110110000001101110101000011111110101100100110000101000110011010100000000001000000100110000010010001010101011101111001001000010
10010000011000001000100010001001110011010010111100101111110100010000110111101100010100000111001011100101011011110001001100000010
11000011011010111100100111111000000110101000001011000000100000011001000111111000000001110010010000101111011101011111000001111000
11000001001110111110010100100011001000000001011001000000011011011011101101011010111011110101110101001010011111001011111000010100
11110010100110101010100100110000110101101100001111111001101110000011100011010100100101010101010001000110101010001100100110010001
10111111100100100001001101111011111011111010000011010111011101110101010110100000001100100100101010011111010001010110010111011000
10111110000010100100000101000111110011000110010001000010100111000011101011100101001010011011010110110001111000110100000101010100
11100101000101111010100001100100010010011010011100111000000011110111010111111110000110011000011110000001101001101000010010100001
00100000100100110011000011101111001100000011110110010111001000100000000010011001111101111000001010000101000001000101011011001010
10010111011010110011010101011011001011001000111110111111001001110100111011111010111110010101010010001100011000000110110011110011
01101000101011100011111100000011010110001011001011000010011110010011010001000011010100101011110100110010101000100100101111001010
00010110010110110011011011001010101101100001000011010101100101110000001110110110111111101001101001001101111110000001001100001110
11101010111101010000000111010110000101111000010010100001101000001100100000111010100101101011110100101001010101101111010011100010
01001001000000000000000011100001011000001001011000001100011001001110001110100101100100101100010110101011010101100010010000000001
11111100101001110101010010001011101101111001010101110110001000000010010001011110100010010010001100010010100100011000010100110010
